0.00,0,1.00,0,1.00,0,1.00,0,0,0,0
0.08,0,1.00,0,1.00,0,1.00,0,0,0,0
0.17,0,1.00,0,1.00,0,1.00,0,0,0,0
0.28,0,1.00,0,1.00,0,1.00,0,0,0,0
0.35,0,1.00,0,1.00,0,1.00,0,0,0,0
0.38,0,1.00,0,1.00,0,1.00,0,0,0,0
0.41,0,1.00,0,1.00,0,1.00,0,0,0,0
0.41,0,1.00,0,1.00,0,1.00,0,0,0,0
0.42,0,1.00,0,1.00,0,1.00,0,0,0,0
0.43,0,1.00,0,1.00,0,1.00,0,0,0,0
0.44,0,1.00,0,1.00,0,1.00,0,0,0,0
0.44,0,1.00,0,1.00,0,1.00,0,0,0,0
0.45,0,1.00,0,1.00,0,1.00,0,0,0,0
0.45,0,1.00,0,1.00,0,1.00,0,0,0,0
0.46,0,1.00,0,1.00,0,1.00,0,0,0,0
0.46,0,1.00,0,1.00,0,1.00,0,0,0,0
0.47,0,1.00,0,1.00,0,1.00,0,0,0,0
0.47,0,1.00,0,1.00,0,1.00,0,0,0,0
0.49,0,1.00,0,1.00,0,1.00,0,0,0,0
0.51,0,1.00,0,1.00,0,1.00,0,0,0,0
0.55,0,1.00,0,1.00,0,1.00,0,0,0,0
0.59,0,1.00,0,1.00,0,1.00,0,0,0,0
0.63,0,1.00,0,1.00,0,1.00,0,0,0,0
0.68,0,1.00,0,1.00,0,1.00,0,0,0,0
0.73,0,1.00,0,1.00,0,1.00,0,0,0,0
0.78,0,1.00,0,1.00,0,1.00,0,0,0,0
0.83,0,1.00,0,1.00,0,1.00,0,0,0,0
0.90,0,1.00,0,1.00,0,1.00,0,0,0,0
0.96,0,1.00,0,1.00,0,1.00,0,0,0,0
1.03,0,1.00,0,1.00,0,1.00,0,0,0,0
1.27,0,1.00,0,1.00,0,1.00,0,0,0,0
1.43,0,1.00,0,1.00,0,1.00,0,0,0,0
1.58,0,1.00,0,1.00,0,1.00,0,0,0,0
1.82,0,1.00,0,1.00,0,1.00,0,0,0,0
1.99,0,1.00,0,1.00,0,1.00,0,0,0,0
2.12,0,1.00,0,1.00,0,1.00,0,0,0,0
2.26,0,1.00,0,1.00,0,1.00,0,0,0,0
2.38,0,1.00,0,1.00,0,1.00,0,0,0,0
3.38,0,1.00,0,1.00,0,1.00,0,0,0,0
4.82,0,1.00,0,1.00,0,1.00,0,0,0,0
6.37,0,1.00,0,1.00,0,1.00,0,0,0,0
8.15,0,1.00,0,1.00,0,1.00,0,0,0,0
10.33,0,1.00,0,1.00,0,1.00,0,0,0,0
12.42,0,1.00,0,1.00,0,1.00,0,0,0,0
15.11,0,1.00,0,1.00,0,1.00,0,0,0,0
17.54,0,1.00,0,1.00,0,1.00,0,0,0,0
19.08,0,1.00,0,1.00,0,1.00,0,0,0,0
19.48,0,1.00,0,1.00,0,1.00,0,0,0,0
19.92,0,1.00,0,1.00,0,1.00,0,0,0,0
20.33,0,1.00,0,1.00,0,1.00,0,0,0,0
20.74,0,1.00,0,1.00,0,1.00,0,0,0,0
21.13,0,1.00,0,1.00,0,1.00,0,0,0,0
21.53,0,1.00,0,1.00,0,1.00,0,0,0,0
21.97,0,1.00,0,1.00,0,1.00,0,0,0,0
22.46,0,1.00,0,1.00,0,1.00,0,0,0,0
23.14,0,1.00,0,1.00,0,1.00,0,0,0,0
23.50,0,1.00,0,1.00,0,1.00,0,0,0,0
23.83,0,1.00,0,1.00,0,1.00,0,0,0,0
24.16,0,1.00,0,1.00,0,1.00,0,0,0,0
24.49,0,1.00,0,1.00,0,1.00,0,0,0,0
24.79,0,1.00,0,1.00,0,1.00,0,0,0,0
25.08,0,1.00,0,1.00,0,1.00,0,0,0,0
25.37,0,1.00,0,1.00,0,1.00,0,0,0,0
25.86,0,1.00,0,1.00,0,1.00,0,0,0,0
26.14,0,1.00,0,1.00,0,1.00,0,0,0,0
26.51,0,1.00,0,1.00,0,1.00,0,0,0,0
26.96,0,1.00,0,1.00,0,1.00,0,0,0,0
27.37,0,1.00,0,1.00,0,1.00,0,0,0,0
27.76,0,1.00,0,1.00,0,1.00,0,0,0,0
28.05,0,1.00,0,1.00,0,1.00,0,0,0,0
28.36,0,1.00,0,1.00,0,1.00,0,0,0,0
28.70,0,1.00,0,1.00,0,1.00,0,0,0,0
29.00,0,1.00,0,1.00,0,1.00,0,0,0,0
29.33,0,1.00,0,1.00,0,1.00,0,0,0,0
29.63,0,1.00,0,1.00,0,1.00,0,0,0,0
29.93,0,1.00,0,1.00,0,1.00,0,0,0,0
30.21,0,1.00,0,1.00,0,1.00,0,0,0,0
30.51,0,1.00,0,1.00,0,1.00,0,0,0,0
31.12,0,1.00,0,1.00,0,1.00,0,0,0,0
31.84,0,1.00,0,1.00,0,1.00,0,0,0,0
32.27,0,1.00,0,1.00,0,1.00,0,0,0,0
32.60,0,1.00,0,1.00,0,1.00,0,0,0,0
32.86,0,1.00,0,1.00,0,1.00,0,0,0,0
33.13,0,1.00,0,1.00,0,1.00,0,0,0,0
33.39,0,1.00,0,1.00,0,1.00,0,0,0,0
33.64,0,1.00,0,1.00,0,1.00,0,0,0,0
33.90,0,1.00,0,1.00,0,1.00,0,0,0,0
34.14,0,1.00,0,1.00,0,1.00,0,0,0,0
34.42,0,1.00,0,1.00,0,1.00,0,0,0,0
34.69,0,1.00,0,1.00,0,1.00,0,0,0,0
34.94,0,1.00,0,1.00,0,1.00,0,0,0,0
35.21,0,1.00,0,1.00,0,1.00,0,0,0,0
35.49,0,1.00,0,1.00,0,1.00,0,0,0,0
35.76,0,1.00,0,1.00,0,1.00,0,0,0,0
36.02,0,1.00,0,1.00,0,1.00,0,0,0,0
36.27,0,1.00,0,1.00,0,1.00,0,0,0,0
36.57,0,1.00,0,1.00,0,1.00,0,0,0,0
36.91,0,1.00,0,1.00,0,1.00,0,0,0,0
37.26,0,1.00,0,1.00,0,1.00,0,0,0,0
37.54,0,1.00,0,1.00,0,1.00,0,0,0,0
37.80,0,1.00,0,1.00,0,1.00,0,0,0,0
38.06,0,1.00,0,1.00,0,1.00,0,0,0,0
38.33,0,1.00,0,1.00,0,1.00,0,0,0,0
38.66,0,1.00,0,1.00,0,1.00,0,0,0,0
39.00,0,1.00,0,1.00,0,1.00,0,0,0,0
39.27,0,1.00,0,1.00,0,1.00,0,0,0,0
39.60,0,1.00,0,1.00,0,1.00,0,0,0,0
39.89,0,1.00,0,1.00,0,1.00,0,0,0,0
40.24,0,1.00,0,1.00,0,1.00,0,0,0,0
40.52,0,1.00,0,1.00,0,1.00,0,0,0,0
40.78,0,1.00,0,1.00,0,1.00,0,0,0,0
41.05,0,1.00,0,1.00,0,1.00,0,0,0,0
41.33,0,1.00,0,1.00,0,1.00,0,0,0,0
41.59,0,1.00,0,1.00,0,1.00,0,0,0,0
41.86,0,1.00,0,1.00,0,1.00,0,0,0,0
42.12,0,1.00,0,1.00,0,1.00,0,0,0,0
42.39,0,1.00,0,1.00,0,1.00,0,0,0,0
42.66,0,1.00,0,1.00,0,1.00,0,0,0,0
42.94,0,1.00,0,1.00,0,1.00,0,0,0,0
43.21,0,1.00,0,1.00,0,1.00,0,0,0,0
43.47,0,1.00,0,1.00,0,1.00,0,0,0,0
43.74,0,1.00,0,1.00,0,1.00,0,0,0,0
44.08,0,1.00,0,1.00,0,1.00,0,0,0,0
44.44,0,1.00,0,1.00,0,1.00,0,0,0,0
44.93,0,1.00,0,1.00,0,1.00,0,0,0,0
45.21,0,1.00,0,1.00,0,1.00,0,0,0,0
45.58,0,1.00,0,1.00,0,1.00,0,0,0,0
45.88,0,1.00,0,1.00,0,1.00,0,0,0,0
46.17,0,1.00,0,1.00,0,1.00,0,0,0,0
46.53,0,1.00,0,1.00,0,1.00,0,0,0,0
46.81,0,1.00,0,1.00,0,1.00,0,0,0,0
47.12,0,1.00,0,1.00,0,1.00,0,0,0,0
47.45,0,1.00,0,1.00,0,1.00,0,0,0,0
47.72,0,1.00,0,1.00,0,1.00,0,0,0,0
47.98,0,1.00,0,1.00,0,1.00,0,0,0,0
48.28,0,1.00,0,1.00,0,1.00,0,0,0,0
48.55,0,1.00,0,1.00,0,1.00,0,0,0,0
48.81,0,1.00,0,1.00,0,1.00,0,0,0,0
49.07,0,1.00,0,1.00,0,1.00,0,0,0,0
49.35,0,1.00,0,1.00,0,1.00,0,0,0,0
49.59,0,1.00,0,1.00,0,1.00,0,0,0,0
49.85,0,1.00,0,1.00,0,1.00,0,0,0,0
50.12,0,1.00,0,1.00,0,1.00,0,0,0,0
50.41,0,1.00,0,1.00,0,1.00,0,0,0,0
50.66,0,1.00,0,1.00,0,1.00,0,0,0,0
50.95,0,1.00,0,1.00,0,1.00,0,0,0,0
51.22,0,1.00,0,1.00,0,1.00,0,0,0,0
51.49,0,1.00,0,1.00,0,1.00,0,0,0,0
51.77,0,1.00,0,1.00,0,1.00,0,0,0,0
52.05,0,1.00,0,1.00,0,1.00,0,0,0,0
52.31,0,1.00,0,1.00,0,1.00,0,0,0,0
52.58,0,1.00,0,1.00,0,1.00,0,0,0,0
52.85,0,1.00,0,1.00,0,1.00,0,0,0,0
53.15,0,1.00,0,1.00,0,1.00,0,0,0,0
53.46,0,1.00,0,1.00,0,1.00,0,0,0,0
53.80,0,1.00,0,1.00,0,1.00,0,0,0,0
54.63,0,1.00,0,1.00,0,1.00,0,0,0,0
55.02,0,1.00,0,1.00,0,1.00,0,0,0,0
55.30,0,1.00,0,1.00,0,1.00,0,0,0,0
55.59,0,1.00,0,1.00,0,1.00,0,0,0,0
55.88,0,1.00,0,1.00,0,1.00,0,0,0,0
56.16,0,1.00,0,1.00,0,1.00,0,0,0,0
56.44,0,1.00,0,1.00,0,1.00,0,0,0,0
56.75,0,1.00,0,1.00,0,1.00,0,0,0,0
57.03,0,1.00,0,1.00,0,1.00,0,0,0,0
57.30,0,1.00,0,1.00,0,1.00,0,0,0,0
57.58,0,1.00,0,1.00,0,1.00,0,0,0,0
57.85,0,1.00,0,1.00,0,1.00,0,0,0,0
58.12,0,1.00,0,1.00,0,1.00,0,0,0,0
58.39,0,1.00,0,1.00,0,1.00,0,0,0,0
58.70,0,1.00,0,1.00,0,1.00,0,0,0,0
59.04,0,1.00,0,1.00,0,1.00,0,0,0,0
59.38,0,1.00,0,1.00,0,1.00,0,0,0,0
59.75,0,1.00,0,1.00,0,1.00,0,0,0,0
60.12,0,1.00,0,1.00,0,1.00,0,0,0,0
60.43,0,1.00,0,1.00,0,1.00,0,0,0,0
60.85,0,1.00,0,1.00,0,1.00,0,0,0,0
61.66,0,1.00,0,1.00,0,1.00,0,0,0,0
61.98,0,1.00,0,1.00,0,1.00,0,0,0,0
62.30,0,1.00,0,1.00,0,1.00,0,0,0,0
62.60,0,1.00,0,1.00,0,1.00,0,0,0,0
63.19,0,1.00,0,1.00,0,1.00,0,0,0,0
63.48,0,1.00,0,1.00,0,1.00,0,0,0,0
63.80,0,1.00,0,1.00,0,1.00,0,0,0,0
64.12,0,1.00,0,1.00,0,1.00,0,0,0,0
64.44,0,1.00,0,1.00,0,1.00,0,0,0,0
64.75,0,1.00,0,1.00,0,1.00,0,0,0,0
65.04,0,1.00,0,1.00,0,1.00,0,0,0,0
65.34,0,1.00,0,1.00,0,1.00,0,0,0,0
65.62,0,1.00,0,1.00,0,1.00,0,0,0,0
65.92,0,1.00,0,1.00,0,1.00,0,0,0,0
66.19,0,1.00,0,1.00,0,1.00,0,0,0,0
66.49,0,1.00,0,1.00,0,1.00,0,0,0,0
66.76,0,1.00,0,1.00,0,1.00,0,0,0,0
67.05,0,1.00,0,1.00,0,1.00,0,0,0,0
67.34,0,1.00,0,1.00,0,1.00,0,0,0,0
67.63,0,1.00,0,1.00,0,1.00,0,0,0,0
67.91,0,1.00,0,1.00,0,1.00,0,0,0,0
68.19,0,1.00,0,1.00,0,1.00,0,0,0,0
68.53,0,1.00,0,1.00,0,1.00,0,0,0,0
68.82,0,1.00,0,1.00,0,1.00,0,0,0,0
69.09,0,1.00,0,1.00,0,1.00,0,0,0,0
69.37,0,1.00,0,1.00,0,1.00,0,0,0,0
69.66,0,1.00,0,1.00,0,1.00,0,0,0,0
69.99,0,1.00,0,1.00,0,1.00,0,0,0,0
70.32,0,1.00,0,1.00,0,1.00,0,0,0,0
70.67,0,1.00,0,1.00,0,1.00,0,0,0,0
71.03,0,1.00,0,1.00,0,1.00,0,0,0,0
71.38,0,1.00,0,1.00,0,1.00,0,0,0,0
71.75,0,1.00,0,1.00,0,1.00,0,0,0,0
72.11,0,1.00,0,1.00,0,1.00,0,0,0,0
72.42,0,1.00,0,1.00,0,1.00,0,0,0,0
72.76,0,1.00,0,1.00,0,1.00,0,0,0,0
73.50,0,1.00,0,1.00,0,1.00,0,0,0,0
73.87,0,1.00,0,1.00,0,1.00,0,0,0,0
74.18,0,1.00,0,1.00,0,1.00,0,0,0,0
74.47,0,1.00,0,1.00,0,1.00,0,0,0,0
74.77,0,1.00,0,1.00,0,1.00,0,0,0,0
75.07,0,1.00,0,1.00,0,1.00,0,0,0,0
75.35,0,1.00,0,1.00,0,1.00,0,0,0,0
75.67,0,1.00,0,1.00,0,1.00,0,0,0,0
75.96,0,1.00,0,1.00,0,1.00,0,0,0,0
76.23,0,1.00,0,1.00,0,1.00,0,0,0,0
76.50,0,1.00,0,1.00,0,1.00,0,0,0,0
76.79,0,1.00,0,1.00,0,1.00,0,0,0,0
77.13,0,1.00,0,1.00,0,1.00,0,0,0,0
77.44,0,1.00,0,1.00,0,1.00,0,0,0,0
78.02,0,1.00,0,1.00,0,1.00,0,0,0,0
78.66,0,1.00,0,1.00,0,1.00,0,0,0,0
79.47,0,1.00,0,1.00,0,1.00,0,0,0,0
80.04,0,1.00,0,1.00,0,1.00,0,0,0,0
80.53,0,1.00,0,1.00,0,1.00,0,0,0,0
81.01,0,1.00,0,1.00,0,1.00,0,0,0,0
81.30,0,1.00,0,1.00,0,1.00,0,0,0,0
81.66,0,1.00,0,1.00,0,1.00,0,0,0,0
81.98,0,1.00,0,1.00,0,1.00,0,0,0,0
82.29,0,1.00,0,1.00,0,1.00,0,0,0,0
82.58,0,1.00,0,1.00,0,1.00,0,0,0,0
82.86,0,1.00,0,1.00,0,1.00,0,0,0,0
83.16,0,1.00,0,1.00,0,1.00,0,0,0,0
83.45,0,1.00,0,1.00,0,1.00,0,0,0,0
83.75,0,1.00,0,1.00,0,1.00,0,0,0,0
84.03,0,1.00,0,1.00,0,1.00,0,0,0,0
84.31,0,1.00,0,1.00,0,1.00,0,0,0,0
84.59,0,1.00,0,1.00,0,1.00,0,0,0,0
84.87,0,1.00,0,1.00,0,1.00,0,0,0,0
85.15,0,1.00,0,1.00,0,1.00,0,0,0,0
85.42,0,1.00,0,1.00,0,1.00,0,0,0,0
85.67,0,1.00,0,1.00,0,1.00,0,0,0,0
85.96,0,1.00,0,1.00,0,1.00,0,0,0,0
86.23,0,1.00,0,1.00,0,1.00,0,0,0,0
86.52,0,1.00,0,1.00,0,1.00,0,0,0,0
86.81,0,1.00,0,1.00,0,1.00,0,0,0,0
87.10,0,1.00,0,1.00,0,1.00,0,0,0,0
87.40,0,1.00,0,1.00,0,1.00,0,0,0,0
87.73,0,1.00,0,1.00,0,1.00,0,0,0,0
88.09,0,1.00,0,1.00,0,1.00,0,0,0,0
88.41,0,1.00,0,1.00,0,1.00,0,0,0,0
88.72,0,1.00,0,1.00,0,1.00,0,0,0,0
89.03,0,1.00,0,1.00,0,1.00,0,0,0,0
89.31,0,1.00,0,1.00,0,1.00,0,0,0,0
89.59,0,1.00,0,1.00,0,1.00,0,0,0,0
89.87,0,1.00,0,1.00,0,1.00,0,0,0,0
90.15,0,1.00,0,1.00,0,1.00,0,0,0,0
90.42,0,1.00,0,1.00,0,1.00,0,0,0,0
90.72,0,1.00,0,1.00,0,1.00,0,0,0,0
91.01,0,1.00,0,1.00,0,1.00,0,0,0,0
91.37,0,1.00,0,1.00,0,1.00,0,0,0,0
92.10,0,1.00,0,1.00,0,1.00,0,0,0,0
92.43,0,1.00,0,1.00,0,1.00,0,0,0,0
92.75,0,1.00,0,1.00,0,1.00,0,0,0,0
93.08,0,1.00,0,1.00,0,1.00,0,0,0,0
93.41,0,1.00,0,1.00,0,1.00,0,0,0,0
93.76,0,1.00,0,1.00,0,1.00,0,0,0,0
94.07,0,1.00,0,1.00,0,1.00,0,0,0,0
94.35,0,1.00,0,1.00,0,1.00,0,0,0,0
94.64,0,1.00,0,1.00,0,1.00,0,0,0,0
94.91,0,1.00,0,1.00,0,1.00,0,0,0,0
95.18,0,1.00,0,1.00,0,1.00,0,0,0,0
95.46,0,1.00,0,1.00,0,1.00,0,0,0,0
95.74,0,1.00,0,1.00,0,1.00,0,0,0,0
96.10,0,1.00,0,1.00,0,1.00,0,0,0,0
96.41,0,1.00,0,1.00,0,1.00,0,0,0,0
96.75,0,1.00,0,1.00,0,1.00,0,0,0,0
97.06,0,1.00,0,1.00,0,1.00,0,0,0,0
97.43,0,1.00,0,1.00,0,1.00,0,0,0,0
97.78,0,1.00,0,1.00,0,1.00,0,0,0,0
98.10,0,1.00,0,1.00,0,1.00,0,0,0,0
98.43,0,1.00,0,1.00,0,1.00,0,0,0,0
98.71,0,1.00,0,1.00,0,1.00,0,0,0,0
98.99,0,1.00,0,1.00,0,1.00,0,0,0,0
99.26,0,1.00,0,1.00,0,1.00,0,0,0,0
99.54,0,1.00,0,1.00,0,1.00,0,0,0,0
99.83,0,1.00,0,1.00,0,1.00,0,0,0,0
100.12,0,1.00,0,1.00,0,1.00,0,0,0,0
100.42,0,1.00,0,1.00,0,1.00,0,0,0,0
100.73,0,1.00,0,1.00,0,1.00,0,0,0,0
101.49,0,1.00,0,1.00,0,1.00,0,0,0,0
101.87,0,1.00,0,1.00,0,1.00,0,0,0,0
102.31,0,1.00,0,1.00,0,1.00,0,0,0,0
102.62,0,1.00,0,1.00,0,1.00,0,0,0,0
102.90,0,1.00,0,1.00,0,1.00,0,0,0,0
103.20,0,1.00,0,1.00,0,1.00,0,0,0,0
103.48,0,1.00,0,1.00,0,1.00,0,0,0,0
103.76,0,1.00,0,1.00,0,1.00,0,0,0,0
104.04,0,1.00,0,1.00,0,1.00,0,0,0,0
104.34,0,1.00,0,1.00,0,1.00,0,0,0,0
104.67,0,1.00,0,1.00,0,1.00,0,0,0,0
105.33,0,1.00,0,1.00,0,1.00,0,0,0,0
105.69,0,1.00,0,1.00,0,1.00,0,0,0,0
106.02,0,1.00,0,1.00,0,1.00,0,0,0,0
106.37,0,1.00,0,1.00,0,1.00,0,0,0,0
106.68,0,1.00,0,1.00,0,1.00,0,0,0,0
106.96,0,1.00,0,1.00,0,1.00,0,0,0,0
107.24,0,1.00,0,1.00,0,1.00,0,0,0,0
107.50,0,1.00,0,1.00,0,1.00,0,0,0,0
107.79,0,1.00,0,1.00,0,1.00,0,0,0,0
108.05,0,1.00,0,1.00,0,1.00,0,0,0,0
108.34,0,1.00,0,1.00,0,1.00,0,0,0,0
108.62,0,1.00,0,1.00,0,1.00,0,0,0,0
108.91,0,1.00,0,1.00,0,1.00,0,0,0,0
109.20,0,1.00,0,1.00,0,1.00,0,0,0,0
109.49,0,1.00,0,1.00,0,1.00,0,0,0,0
109.77,0,1.00,0,1.00,0,1.00,0,0,0,0
110.05,0,1.00,0,1.00,0,1.00,0,0,0,0
110.31,0,1.00,0,1.00,0,1.00,0,0,0,0
110.61,0,1.00,0,1.00,0,1.00,0,0,0,0
110.96,0,1.00,0,1.00,0,1.00,0,0,0,0
111.29,0,1.00,0,1.00,0,1.00,0,0,0,0
111.99,0,1.00,0,1.00,0,1.00,0,0,0,0
112.29,0,1.00,0,1.00,0,1.00,0,0,0,0
112.59,0,1.00,0,1.00,0,1.00,0,0,0,0
112.91,0,1.00,0,1.00,0,1.00,0,0,0,0
113.20,0,1.00,0,1.00,0,1.00,0,0,0,0
113.55,0,1.00,0,1.00,0,1.00,0,0,0,0
113.88,0,1.00,0,1.00,0,1.00,0,0,0,0
114.22,0,1.00,0,1.00,0,1.00,0,0,0,0
114.55,0,1.00,0,1.00,0,1.00,0,0,0,0
114.95,0,1.00,0,1.00,0,1.00,0,0,0,0
115.23,0,1.00,0,1.00,0,1.00,0,0,0,0
115.59,0,1.00,0,1.00,0,1.00,0,0,0,0
115.88,0,1.00,0,1.00,0,1.00,0,0,0,0
116.17,0,1.00,0,1.00,0,1.00,0,0,0,0
116.45,0,1.00,0,1.00,0,1.00,0,0,0,0
116.73,0,1.00,0,1.00,0,1.00,0,0,0,0
117.06,0,1.00,0,1.00,0,1.00,0,0,0,0
117.43,0,1.00,0,1.00,0,1.00,0,0,0,0
117.70,0,1.00,0,1.00,0,1.00,0,0,0,0
117.98,0,1.00,0,1.00,0,1.00,0,0,0,0
118.27,0,1.00,0,1.00,0,1.00,0,0,0,0
118.58,0,1.00,0,1.00,0,1.00,0,0,0,0
118.87,0,1.00,0,1.00,0,1.00,0,0,0,0
119.13,0,1.00,0,1.00,0,1.00,0,0,0,0
119.39,0,1.00,0,1.00,0,1.00,0,0,0,0
119.67,0,1.00,0,1.00,0,1.00,0,0,0,0
119.94,0,1.00,0,1.00,0,1.00,0,0,0,0
120.20,0,1.00,0,1.00,0,1.00,0,0,0,0
120.46,0,1.00,0,1.00,0,1.00,0,0,0,0
120.75,0,1.00,0,1.00,0,1.00,0,0,0,0
121.02,0,1.00,0,1.00,0,1.00,0,0,0,0
121.32,0,1.00,0,1.00,0,1.00,0,0,0,0
121.65,0,1.00,0,1.00,0,1.00,0,0,0,0
121.96,0,1.00,0,1.00,0,1.00,0,0,0,0
122.31,0,1.00,0,1.00,0,1.00,0,0,0,0
122.66,0,1.00,0,1.00,0,1.00,0,0,0,0
122.98,0,1.00,0,1.00,0,1.00,0,0,0,0
123.58,0,1.00,0,1.00,0,1.00,0,0,0,0
123.85,0,1.00,0,1.00,0,1.00,0,0,0,0
124.11,0,1.00,0,1.00,0,1.00,0,0,0,0
124.38,0,1.00,0,1.00,0,1.00,0,0,0,0
124.66,0,1.00,0,1.00,0,1.00,0,0,0,0
124.93,0,1.00,0,1.00,0,1.00,0,0,0,0
125.19,0,1.00,0,1.00,0,1.00,0,0,0,0
125.47,0,1.00,0,1.00,0,1.00,0,0,0,0
125.76,0,1.00,0,1.00,0,1.00,0,0,0,0
126.47,0,1.00,0,1.00,0,1.00,0,0,0,0
127.10,0,1.00,0,1.00,0,1.00,0,0,0,0
127.46,0,1.00,0,1.00,0,1.00,0,0,0,0
127.85,0,1.00,0,1.00,0,1.00,0,0,0,0
128.22,0,1.00,0,1.00,0,1.00,0,0,0,0
128.49,0,1.00,0,1.00,0,1.00,0,0,0,0
128.79,0,1.00,0,1.00,0,1.00,0,0,0,0
129.08,0,1.00,0,1.00,0,1.00,0,0,0,0
129.33,0,1.00,0,1.00,0,1.00,0,0,0,0
129.60,0,1.00,0,1.00,0,1.00,0,0,0,0
129.88,0,1.00,0,1.00,0,1.00,0,0,0,0
130.16,0,1.00,0,1.00,0,1.00,0,0,0,0
130.49,0,1.00,0,1.00,0,1.00,0,0,0,0
130.84,0,1.00,0,1.00,0,1.00,0,0,0,0
131.17,0,1.00,0,1.00,0,1.00,0,0,0,0
131.58,0,1.00,0,1.00,0,1.00,0,0,0,0
131.96,0,1.00,0,1.00,0,1.00,0,0,0,0
132.29,0,1.00,0,1.00,0,1.00,0,0,0,0
132.57,0,1.00,0,1.00,0,1.00,0,0,0,0
132.85,0,1.00,0,1.00,0,1.00,0,0,0,0
133.13,0,1.00,0,1.00,0,1.00,0,0,0,0
133.42,0,1.00,0,1.00,0,1.00,0,0,0,0
133.75,0,1.00,0,1.00,0,1.00,0,0,0,0
134.04,0,1.00,0,1.00,0,1.00,0,0,0,0
134.35,0,1.00,0,1.00,0,1.00,0,0,0,0
134.64,0,1.00,0,1.00,0,1.00,0,0,0,0
134.93,0,1.00,0,1.00,0,1.00,0,0,0,0
135.20,0,1.00,0,1.00,0,1.00,0,0,0,0
135.46,0,1.00,0,1.00,0,1.00,0,0,0,0
135.76,0,1.00,0,1.00,0,1.00,0,0,0,0
136.01,0,1.00,0,1.00,0,1.00,0,0,0,0
136.36,0,1.00,0,1.00,0,1.00,0,0,0,0
136.63,0,1.00,0,1.00,0,1.00,0,0,0,0
136.94,0,1.00,0,1.00,0,1.00,0,0,0,0
137.21,0,1.00,0,1.00,0,1.00,0,0,0,0
137.48,0,1.00,0,1.00,0,1.00,0,0,0,0
137.75,0,1.00,0,1.00,0,1.00,0,0,0,0
138.04,0,1.00,0,1.00,0,1.00,0,0,0,0
138.37,0,1.00,0,1.00,0,1.00,0,0,0,0
138.78,0,1.00,0,1.00,0,1.00,0,0,0,0
139.17,0,1.00,0,1.00,0,1.00,0,0,0,0
139.47,0,1.00,0,1.00,0,1.00,0,0,0,0
139.80,0,1.00,0,1.00,0,1.00,0,0,0,0
140.09,0,1.00,0,1.00,0,1.00,0,0,0,0
140.48,0,1.00,0,1.00,0,1.00,0,0,0,0
140.80,0,1.00,0,1.00,0,1.00,0,0,0,0
141.09,0,1.00,0,1.00,0,1.00,0,0,0,0
141.34,0,1.00,0,1.00,0,1.00,0,0,0,0
141.62,0,1.00,0,1.00,0,1.00,0,0,0,0
141.89,0,1.00,0,1.00,0,1.00,0,0,0,0
142.13,0,1.00,0,1.00,0,1.00,0,0,0,0
142.37,0,1.00,0,1.00,0,1.00,0,0,0,0
142.63,0,1.00,0,1.00,0,1.00,0,0,0,0
142.88,0,1.00,0,1.00,0,1.00,0,0,0,0
143.12,0,1.00,0,1.00,0,1.00,0,0,0,0
143.34,0,1.00,0,1.00,0,1.00,0,0,0,0
143.58,0,1.00,0,1.00,0,1.00,0,0,0,0
143.78,0,1.00,0,1.00,0,1.00,0,0,0,0
144.01,0,1.00,0,1.00,0,1.00,0,0,0,0
144.19,0,1.00,0,1.00,0,1.00,0,0,0,0
144.39,0,1.00,0,1.00,0,1.00,0,0,0,0
144.58,0,1.00,0,1.00,0,1.00,0,0,0,0
144.74,0,1.00,0,1.00,0,1.00,0,0,0,0
144.91,0,1.00,0,1.00,0,1.00,0,0,0,0
145.13,0,1.00,0,1.00,0,1.00,0,0,0,0
145.37,0,1.00,0,1.00,0,1.00,0,0,0,0
145.67,0,1.00,0,1.00,0,1.00,0,0,0,0
145.80,0,1.00,0,1.00,0,1.00,0,0,0,0
145.92,0,1.00,0,1.00,0,1.00,0,0,0,0
146.05,0,1.00,0,1.00,0,1.00,0,0,0,0
146.15,0,1.00,0,1.00,0,1.00,0,0,0,0
146.25,0,1.00,0,1.00,0,1.00,0,0,0,0
146.38,0,1.00,0,1.00,0,1.00,0,0,0,0
146.46,0,1.00,0,1.00,0,1.00,0,0,0,0
146.54,0,1.00,0,1.00,0,1.00,0,0,0,0
146.61,0,1.00,0,1.00,0,1.00,0,0,0,0
146.68,0,1.00,0,1.00,0,1.00,0,0,0,0
146.75,0,1.00,0,1.00,0,1.00,0,0,0,0
146.80,0,1.00,0,1.00,0,1.00,0,0,0,0
146.86,0,1.00,0,1.00,0,1.00,0,0,0,0
146.92,0,1.00,0,1.00,0,1.00,0,0,0,0
146.96,0,1.00,0,1.00,0,1.00,0,0,0,0
146.97,0,1.00,0,1.00,0,1.00,0,0,0,0
146.97,0,1.00,0,1.00,0,1.00,0,0,0,0
146.97,0,1.00,0,1.00,0,1.00,0,0,0,0
146.97,0,1.00,0,1.00,0,1.00,0,0,0,0
146.97,0,1.00,0,1.00,0,1.00,0,0,0,0
146.97,0,1.00,0,1.00,0,1.00,0,0,0,0
146.97,0,1.00,0,1.00,0,1.00,0,0,0,0
146.97,0,1.00,0,1.00,0,1.00,0,0,0,0
146.97,0,1.00,0,1.00,0,1.00,0,0,0,0
146.97,0,1.00,0,1.00,0,1.00,0,0,0,0
146.97,0,1.00,0,1.00,0,1.00,0,0,0,0
146.97,0,1.00,0,1.00,0,1.00,0,0,0,0
146.97,0,1.00,0,1.00,0,1.00,0,0,0,0
146.97,0,1.00,0,1.00,0,1.00,0,0,0,0
146.97,0,1.00,0,1.00,0,1.00,0,0,0,0
146.97,0,1.00,0,1.00,0,1.00,0,0,0,0
146.97,0,1.00,0,1.00,0,1.00,0,0,0,0
146.97,0,1.00,0,1.00,0,1.00,0,0,0,0
146.97,0,1.00,0,1.00,0,1.00,0,0,0,0
146.97,0,1.00,0,1.00,0,1.00,0,0,0,0
146.97,0,1.00,0,1.00,0,1.00,0,0,0,0
146.97,0,1.00,0,1.00,0,1.00,0,0,0,0
146.97,0,1.00,0,1.00,0,1.00,0,0,0,0
146.97,0,1.00,0,1.00,0,1.00,0,0,0,0
146.97,0,1.00,0,1.00,0,1.00,0,0,0,0
146.97,0,1.00,0,1.00,0,1.00,0,0,0,0
146.97,0,1.00,0,1.00,0,1.00,0,0,0,0
146.97,0,1.00,0,1.00,0,1.00,0,0,0,0
146.97,0,1.00,0,1.00,0,1.00,0,0,0,0
146.97,0,1.00,0,1.00,0,1.00,0,0,0,0
146.97,0,1.00,0,1.00,0,1.00,0,0,0,0
146.97,0,1.00,0,1.00,0,1.00,0,0,0,0
146.97,0,1.00,0,1.00,0,1.00,0,0,0,0
146.97,0,1.00,0,1.00,0,1.00,0,0,0,0
146.97,0,1.00,0,1.00,0,1.00,0,0,0,0
146.97,0,1.00,0,1.00,0,1.00,0,0,0,0
146.97,0,1.00,0,1.00,0,1.00,0,0,0,0
146.97,0,1.00,0,1.00,0,1.00,0,0,0,0
146.97,0,1.00,0,1.00,0,1.00,0,0,0,0
146.97,0,1.00,0,1.00,0,1.00,0,0,0,0
146.97,0,1.00,0,1.00,0,1.00,0,0,0,0
146.97,0,1.00,0,1.00,0,1.00,0,0,0,0
146.97,0,1.00,0,1.00,0,1.00,0,0,0,0
146.97,0,1.00,0,1.00,0,1.00,0,0,0,0
146.97,0,1.00,0,1.00,0,1.00,0,0,0,0
146.97,0,1.00,0,1.00,0,1.00,0,0,0,0
146.97,0,1.00,0,1.00,0,1.00,0,0,0,0
146.97,0,1.00,0,1.00,0,1.00,0,0,0,0
146.97,0,1.00,0,1.00,0,1.00,0,0,0,0
146.97,0,1.00,0,1.00,0,1.00,0,0,0,0
146.97,0,1.00,0,1.00,0,1.00,0,0,0,0
146.97,0,1.00,0,1.00,0,1.00,0,0,0,0
146.97,0,1.00,0,1.00,0,1.00,0,0,0,0
146.97,0,1.00,0,1.00,0,1.00,0,0,0,0
146.97,0,1.00,0,1.00,0,1.00,0,0,0,0
146.97,0,1.00,0,1.00,0,1.00,0,0,0,0
146.97,0,1.00,0,1.00,0,1.00,0,0,0,0
146.97,0,1.00,0,1.00,0,1.00,0,0,0,0
146.97,0,1.00,0,1.00,0,1.00,0,0,0,0
146.97,0,1.00,0,1.00,0,1.00,0,0,0,0
146.97,0,1.00,0,1.00,0,1.00,0,0,0,0
146.97,0,1.00,0,1.00,0,1.00,0,0,0,0
146.97,0,1.00,0,1.00,0,1.00,0,0,0,0
146.97,0,1.00,0,1.00,0,1.00,0,0,0,0
146.97,0,1.00,0,1.00,0,1.00,0,0,0,0
146.97,0,1.00,0,1.00,0,1.00,0,0,0,0
146.97,0,1.00,0,1.00,0,1.00,0,0,0,0
146.97,0,1.00,0,1.00,0,1.00,0,0,0,0
146.97,0,1.00,0,1.00,0,1.00,0,0,0,0
146.97,0,1.00,0,1.00,0,1.00,0,0,0,0
146.97,0,1.00,0,1.00,0,1.00,0,0,0,0
146.97,0,1.00,0,1.00,0,1.00,0,0,0,0
146.97,0,1.00,0,1.00,0,1.00,0,0,0,0
146.97,0,1.00,0,1.00,0,1.00,0,0,0,0
146.97,0,1.00,0,1.00,0,1.00,0,0,0,0
146.97,0,1.00,0,1.00,0,1.00,0,0,0,0
146.97,0,1.00,0,1.00,0,1.00,0,0,0,0
146.97,0,1.00,0,1.00,0,1.00,0,0,0,0
146.97,0,1.00,0,1.00,0,1.00,0,0,0,0
146.97,0,1.00,0,1.00,0,1.00,0,0,0,0
146.97,0,1.00,0,1.00,0,1.00,0,0,0,0
146.97,0,1.00,0,1.00,0,1.00,0,0,0,0
146.97,0,1.00,0,1.00,0,1.00,0,0,0,0
146.97,0,1.00,0,1.00,0,1.00,0,0,0,0
146.97,0,1.00,0,1.00,0,1.00,0,0,0,0
146.97,0,1.00,0,1.00,0,1.00,0,0,0,0
146.97,0,1.00,0,1.00,0,1.00,0,0,0,0
146.97,0,1.00,0,1.00,0,1.00,0,0,0,0
146.97,0,1.00,0,1.00,0,1.00,0,0,0,0
146.97,0,1.00,0,1.00,0,1.00,0,0,0,0
146.97,0,1.00,0,1.00,0,1.00,0,0,0,0
146.97,0,1.00,0,1.00,0,1.00,0,0,0,0
146.97,0,1.00,0,1.00,0,1.00,0,0,0,0
146.97,0,1.00,0,1.00,0,1.00,0,0,0,0
146.97,0,1.00,0,1.00,0,1.00,0,0,0,0
146.97,0,1.00,0,1.00,0,1.00,0,0,0,0
146.97,0,1.00,0,1.00,0,1.00,0,0,0,0
146.97,0,1.00,0,1.00,0,1.00,0,0,0,0
146.97,0,1.00,0,1.00,0,1.00,0,0,0,0
146.97,0,1.00,0,1.00,0,1.00,0,0,0,0
146.97,0,1.00,0,1.00,0,1.00,0,0,0,0
146.98,0,1.00,0,1.00,0,1.00,0,0,0,0
146.98,0,1.00,0,1.00,0,1.00,0,0,0,0
146.98,0,1.00,0,1.00,0,1.00,0,0,0,0
146.98,0,1.00,0,1.00,0,1.00,0,0,0,0
146.99,0,1.00,0,1.00,0,1.00,0,0,0,0
147.00,0,1.00,0,1.00,0,1.00,0,0,0,0
147.01,0,1.00,0,1.00,0,1.00,0,0,0,0
147.02,0,1.00,0,1.00,0,1.00,0,0,0,0
147.04,0,1.00,0,1.00,0,1.00,0,0,0,0
147.06,0,1.00,0,1.00,0,1.00,0,0,0,0
147.09,0,1.00,0,1.00,0,1.00,0,0,0,0
147.18,0,1.00,0,1.00,0,1.00,0,0,0,0
147.28,0,1.00,0,1.00,0,1.00,0,0,0,0
147.34,0,1.00,0,1.00,0,1.00,0,0,0,0
147.39,0,1.00,0,1.00,0,1.00,0,0,0,0
147.44,0,1.00,0,1.00,0,1.00,0,0,0,0
147.50,0,1.00,0,1.00,0,1.00,0,0,0,0
147.57,0,1.00,0,1.00,0,1.00,0,0,0,0
147.63,0,1.00,0,1.00,0,1.00,0,0,0,0
147.69,0,1.00,0,1.00,0,1.00,0,0,0,0
147.77,0,1.00,0,1.00,0,1.00,0,0,0,0
147.85,0,1.00,0,1.00,0,1.00,0,0,0,0
147.94,0,1.00,0,1.00,0,1.00,0,0,0,0
148.05,0,1.00,0,1.00,0,1.00,0,0,0,0
148.15,0,1.00,0,1.00,0,1.00,0,0,0,0
148.31,0,1.00,0,1.00,0,1.00,0,0,0,0
148.44,0,1.00,0,1.00,0,1.00,0,0,0,0
148.61,0,1.00,0,1.00,0,1.00,0,0,0,0
148.89,0,1.00,0,1.00,0,1.00,0,0,0,0
149.02,0,1.00,0,1.00,0,1.00,0,0,0,0
149.17,0,1.00,0,1.00,0,1.00,0,0,0,0
149.32,0,1.00,0,1.00,0,1.00,0,0,0,0
149.47,0,1.00,0,1.00,0,1.00,0,0,0,0
149.61,0,1.00,0,1.00,0,1.00,0,0,0,0
149.76,0,1.00,0,1.00,0,1.00,0,0,0,0
149.90,0,1.00,0,1.00,0,1.00,0,0,0,0
150.07,0,1.00,0,1.00,0,1.00,0,0,0,0
150.24,0,1.00,0,1.00,0,1.00,0,0,0,0
150.40,0,1.00,0,1.00,0,1.00,0,0,0,0
150.58,0,1.00,0,1.00,0,1.00,0,0,0,0
150.75,0,1.00,0,1.00,0,1.00,0,0,0,0
150.93,0,1.00,0,1.00,0,1.00,0,0,0,0
151.14,0,1.00,0,1.00,0,1.00,0,0,0,0
151.34,0,1.00,0,1.00,0,1.00,0,0,0,0
151.52,0,1.00,0,1.00,0,1.00,0,0,0,0
151.72,0,1.00,0,1.00,0,1.00,0,0,0,0
151.96,0,1.00,0,1.00,0,1.00,0,0,0,0
152.19,0,1.00,0,1.00,0,1.00,0,0,0,0
152.45,0,1.00,0,1.00,0,1.00,0,0,0,0
152.92,0,1.00,0,1.00,0,1.00,0,0,0,0
153.13,0,1.00,0,1.00,0,1.00,0,0,0,0
153.39,0,1.00,0,1.00,0,1.00,0,0,0,0
153.66,0,1.00,0,1.00,0,1.00,0,0,0,0
153.93,0,1.00,0,1.00,0,1.00,0,0,0,0
154.19,0,1.00,0,1.00,0,1.00,0,0,0,0
154.50,0,1.00,0,1.00,0,1.00,0,0,0,0
154.80,0,1.00,0,1.00,0,1.00,0,0,0,0
155.08,0,1.00,0,1.00,0,1.00,0,0,0,0
155.39,0,1.00,0,1.00,0,1.00,0,0,0,0
155.68,0,1.00,0,1.00,0,1.00,0,0,0,0
155.98,0,1.00,0,1.00,0,1.00,0,0,0,0
156.27,0,1.00,0,1.00,0,1.00,0,0,0,0
156.58,0,1.00,0,1.00,0,1.00,0,0,0,0
156.90,0,1.00,0,1.00,0,1.00,0,0,0,0
157.59,0,1.00,0,1.00,0,1.00,0,0,0,0
157.89,0,1.00,0,1.00,0,1.00,0,0,0,0
158.19,0,1.00,0,1.00,0,1.00,0,0,0,0
158.46,0,1.00,0,1.00,0,1.00,0,0,0,0
158.71,0,1.00,0,1.00,0,1.00,0,0,0,0
158.98,0,1.00,0,1.00,0,1.00,0,0,0,0
159.23,0,1.00,0,1.00,0,1.00,0,0,0,0
159.50,0,1.00,0,1.00,0,1.00,0,0,0,0
159.76,0,1.00,0,1.00,0,1.00,0,0,0,0
160.02,0,1.00,0,1.00,0,1.00,0,0,0,0
160.31,0,1.00,0,1.00,0,1.00,0,0,0,0
160.68,0,1.00,0,1.00,0,1.00,0,0,0,0
160.99,0,1.00,0,1.00,0,1.00,0,0,0,0
161.28,0,1.00,0,1.00,0,1.00,0,0,0,0
161.62,0,1.00,0,1.00,0,1.00,0,0,0,0
161.92,0,1.00,0,1.00,0,1.00,0,0,0,0
162.23,0,1.00,0,1.00,0,1.00,0,0,0,0
162.52,0,1.00,0,1.00,0,1.00,0,0,0,0
162.78,0,1.00,0,1.00,0,1.00,0,0,0,0
163.06,0,1.00,0,1.00,0,1.00,0,0,0,0
163.33,0,1.00,0,1.00,0,1.00,0,0,0,0
163.60,0,1.00,0,1.00,0,1.00,0,0,0,0
163.88,0,1.00,0,1.00,0,1.00,0,0,0,0
164.19,0,1.00,0,1.00,0,1.00,0,0,0,0
164.44,0,1.00,0,1.00,0,1.00,0,0,0,0
164.72,0,1.00,0,1.00,0,1.00,0,0,0,0
165.41,0,1.00,0,1.00,0,1.00,0,0,0,0
165.83,0,1.00,0,1.00,0,1.00,0,0,0,0
166.20,0,1.00,0,1.00,0,1.00,0,0,0,0
166.51,0,1.00,0,1.00,0,1.00,0,0,0,0
166.80,0,1.00,0,1.00,0,1.00,0,0,0,0
167.05,0,1.00,0,1.00,0,1.00,0,0,0,0
167.30,0,1.00,0,1.00,0,1.00,0,0,0,0
167.58,0,1.00,0,1.00,0,1.00,0,0,0,0
167.84,0,1.00,0,1.00,0,1.00,0,0,0,0
168.14,0,1.00,0,1.00,0,1.00,0,0,0,0
168.41,0,1.00,0,1.00,0,1.00,0,0,0,0
168.74,0,1.00,0,1.00,0,1.00,0,0,0,0
169.07,0,1.00,0,1.00,0,1.00,0,0,0,0
169.65,0,1.00,0,1.00,0,1.00,0,0,0,0
170.31,0,1.00,0,1.00,0,1.00,0,0,0,0
170.66,0,1.00,0,1.00,0,1.00,0,0,0,0
170.99,0,1.00,0,1.00,0,1.00,0,0,0,0
171.25,0,1.00,0,1.00,0,1.00,0,0,0,0
171.52,0,1.00,0,1.00,0,1.00,0,0,0,0
171.77,0,1.00,0,1.00,0,1.00,0,0,0,0
172.04,0,1.00,0,1.00,0,1.00,0,0,0,0
172.32,0,1.00,0,1.00,0,1.00,0,0,0,0
172.61,0,1.00,0,1.00,0,1.00,0,0,0,0
172.93,0,1.00,0,1.00,0,1.00,0,0,0,0
173.24,0,1.00,0,1.00,0,1.00,0,0,0,0
173.59,0,1.00,0,1.00,0,1.00,0,0,0,0
173.91,0,1.00,0,1.00,0,1.00,0,0,0,0
174.21,0,1.00,0,1.00,0,1.00,0,0,0,0
174.52,0,1.00,0,1.00,0,1.00,0,0,0,0
174.81,0,1.00,0,1.00,0,1.00,0,0,0,0
175.10,0,1.00,0,1.00,0,1.00,0,0,0,0
175.37,0,1.00,0,1.00,0,1.00,0,0,0,0
175.65,0,1.00,0,1.00,0,1.00,0,0,0,0
175.92,0,1.00,0,1.00,0,1.00,0,0,0,0
176.21,0,1.00,0,1.00,0,1.00,0,0,0,0
176.48,0,1.00,0,1.00,0,1.00,0,0,0,0
176.75,0,1.00,0,1.00,0,1.00,0,0,0,0
177.03,0,1.00,0,1.00,0,1.00,0,0,0,0
177.37,0,1.00,0,1.00,0,1.00,0,0,0,0
177.69,0,1.00,0,1.00,0,1.00,0,0,0,0
177.99,0,1.00,0,1.00,0,1.00,0,0,0,0
178.35,0,1.00,0,1.00,0,1.00,0,0,0,0
178.68,0,1.00,0,1.00,0,1.00,0,0,0,0
178.99,0,1.00,0,1.00,0,1.00,0,0,0,0
179.31,0,1.00,0,1.00,0,1.00,0,0,0,0
179.60,0,1.00,0,1.00,0,1.00,0,0,0,0
179.89,0,1.00,0,1.00,0,1.00,0,0,0,0
180.21,0,1.00,0,1.00,0,1.00,0,0,0,0
180.48,0,1.00,0,1.00,0,1.00,0,0,0,0
180.77,0,1.00,0,1.00,0,1.00,0,0,0,0
181.08,0,1.00,0,1.00,0,1.00,0,0,0,0
181.39,0,1.00,0,1.00,0,1.00,0,0,0,0
181.69,0,1.00,0,1.00,0,1.00,0,0,0,0
181.98,0,1.00,0,1.00,0,1.00,0,0,0,0
182.28,0,1.00,0,1.00,0,1.00,0,0,0,0
182.57,0,1.00,0,1.00,0,1.00,0,0,0,0
182.86,0,1.00,0,1.00,0,1.00,0,0,0,0
183.15,0,1.00,0,1.00,0,1.00,0,0,0,0
183.44,0,1.00,0,1.00,0,1.00,0,0,0,0
183.73,0,1.00,0,1.00,0,1.00,0,0,0,0
184.02,0,1.00,0,1.00,0,1.00,0,0,0,0
184.30,0,1.00,0,1.00,0,1.00,0,0,0,0
184.58,0,1.00,0,1.00,0,1.00,0,0,0,0
184.87,0,1.00,0,1.00,0,1.00,0,0,0,0
185.15,0,1.00,0,1.00,0,1.00,0,0,0,0
185.97,0,1.00,0,1.00,0,1.00,0,0,0,0
186.35,0,1.00,0,1.00,0,1.00,0,0,0,0
186.71,0,1.00,0,1.00,0,1.00,0,0,0,0
187.03,0,1.00,0,1.00,0,1.00,0,0,0,0
187.37,0,1.00,0,1.00,0,1.00,0,0,0,0
187.71,0,1.00,0,1.00,0,1.00,0,0,0,0
188.03,0,1.00,0,1.00,0,1.00,0,0,0,0
188.34,0,1.00,0,1.00,0,1.00,0,0,0,0
188.62,0,1.00,0,1.00,0,1.00,0,0,0,0
188.92,0,1.00,0,1.00,0,1.00,0,0,0,0
189.21,0,1.00,0,1.00,0,1.00,0,0,0,0
189.48,0,1.00,0,1.00,0,1.00,0,0,0,0
189.79,0,1.00,0,1.00,0,1.00,0,0,0,0
190.09,0,1.00,0,1.00,0,1.00,0,0,0,0
190.37,0,1.00,0,1.00,0,1.00,0,0,0,0
190.64,0,1.00,0,1.00,0,1.00,0,0,0,0
190.93,0,1.00,0,1.00,0,1.00,0,0,0,0
191.22,0,1.00,0,1.00,0,1.00,0,0,0,0
191.52,0,1.00,0,1.00,0,1.00,0,0,0,0
191.80,0,1.00,0,1.00,0,1.00,0,0,0,0
192.10,0,1.00,0,1.00,0,1.00,0,0,0,0
192.39,0,1.00,0,1.00,0,1.00,0,0,0,0
192.67,0,1.00,0,1.00,0,1.00,0,0,0,0
192.99,0,1.00,0,1.00,0,1.00,0,0,0,0
193.27,0,1.00,0,1.00,0,1.00,0,0,0,0
193.55,0,1.00,0,1.00,0,1.00,0,0,0,0
193.83,0,1.00,0,1.00,0,1.00,0,0,0,0
194.12,0,1.00,0,1.00,0,1.00,0,0,0,0
194.89,0,1.00,0,1.00,0,1.00,0,0,0,0
195.19,0,1.00,0,1.00,0,1.00,0,0,0,0
195.52,0,1.00,0,1.00,0,1.00,0,0,0,0
195.87,0,1.00,0,1.00,0,1.00,0,0,0,0
196.19,0,1.00,0,1.00,0,1.00,0,0,0,0
196.49,0,1.00,0,1.00,0,1.00,0,0,0,0
196.78,0,1.00,0,1.00,0,1.00,0,0,0,0
197.10,0,1.00,0,1.00,0,1.00,0,0,0,0
197.39,0,1.00,0,1.00,0,1.00,0,0,0,0
197.66,0,1.00,0,1.00,0,1.00,0,0,0,0
197.94,0,1.00,0,1.00,0,1.00,0,0,0,0
198.24,0,1.00,0,1.00,0,1.00,0,0,0,0
198.54,0,1.00,0,1.00,0,1.00,0,0,0,0
198.86,0,1.00,0,1.00,0,1.00,0,0,0,0
199.17,0,1.00,0,1.00,0,1.00,0,0,0,0
199.48,0,1.00,0,1.00,0,1.00,0,0,0,0
199.88,0,1.00,0,1.00,0,1.00,0,0,0,0
200.62,0,1.00,0,1.00,0,1.00,0,0,0,0
200.92,0,1.00,0,1.00,0,1.00,0,0,0,0
201.22,0,1.00,0,1.00,0,1.00,0,0,0,0
201.53,0,1.00,0,1.00,0,1.00,0,0,0,0
201.83,0,1.00,0,1.00,0,1.00,0,0,0,0
202.11,0,1.00,0,1.00,0,1.00,0,0,0,0
202.41,0,1.00,0,1.00,0,1.00,0,0,0,0
202.69,0,1.00,0,1.00,0,1.00,0,0,0,0
202.97,0,1.00,0,1.00,0,1.00,0,0,0,0
203.30,0,1.00,0,1.00,0,1.00,0,0,0,0
203.61,0,1.00,0,1.00,0,1.00,0,0,0,0
203.91,0,1.00,0,1.00,0,1.00,0,0,0,0
204.24,0,1.00,0,1.00,0,1.00,0,0,0,0
204.56,0,1.00,0,1.00,0,1.00,0,0,0,0
204.87,0,1.00,0,1.00,0,1.00,0,0,0,0
205.18,0,1.00,0,1.00,0,1.00,0,0,0,0
205.51,0,1.00,0,1.00,0,1.00,0,0,0,0
205.81,0,1.00,0,1.00,0,1.00,0,0,0,0
206.11,0,1.00,0,1.00,0,1.00,0,0,0,0
206.40,0,1.00,0,1.00,0,1.00,0,0,0,0
206.67,0,1.00,0,1.00,0,1.00,0,0,0,0
207.03,0,1.00,0,1.00,0,1.00,0,0,0,0
207.38,0,1.00,0,1.00,0,1.00,0,0,0,0
207.79,0,1.00,0,1.00,0,1.00,0,0,0,0
208.17,0,1.00,0,1.00,0,1.00,0,0,0,0
208.50,0,1.00,0,1.00,0,1.00,0,0,0,0
208.79,0,1.00,0,1.00,0,1.00,0,0,0,0
209.07,0,1.00,0,1.00,0,1.00,0,0,0,0
209.35,0,1.00,0,1.00,0,1.00,0,0,0,0
209.64,0,1.00,0,1.00,0,1.00,0,0,0,0
209.93,0,1.00,0,1.00,0,1.00,0,0,0,0
210.21,0,1.00,0,1.00,0,1.00,0,0,0,0
210.49,0,1.00,0,1.00,0,1.00,0,0,0,0
211.02,0,1.00,0,1.00,0,1.00,0,0,0,0
211.29,0,1.00,0,1.00,0,1.00,0,0,0,0
211.63,0,1.00,0,1.00,0,1.00,0,0,0,0
211.93,0,1.00,0,1.00,0,1.00,0,0,0,0
212.27,0,1.00,0,1.00,0,1.00,0,0,0,0
212.56,0,1.00,0,1.00,0,1.00,0,0,0,0
212.92,0,1.00,0,1.00,0,1.00,0,0,0,0
213.21,0,1.00,0,1.00,0,1.00,0,0,0,0
213.54,0,1.00,0,1.00,0,1.00,0,0,0,0
213.85,0,1.00,0,1.00,0,1.00,0,0,0,0
214.15,0,1.00,0,1.00,0,1.00,0,0,0,0
214.45,0,1.00,0,1.00,0,1.00,0,0,0,0
214.72,0,1.00,0,1.00,0,1.00,0,0,0,0
215.01,0,1.00,0,1.00,0,1.00,0,0,0,0
215.33,0,1.00,0,1.00,0,1.00,0,0,0,0
215.66,0,1.00,0,1.00,0,1.00,0,0,0,0
216.01,0,1.00,0,1.00,0,1.00,0,0,0,0
216.70,0,1.00,0,1.00,0,1.00,0,0,0,0
217.02,0,1.00,0,1.00,0,1.00,0,0,0,0
217.30,0,1.00,0,1.00,0,1.00,0,0,0,0
217.59,0,1.00,0,1.00,0,1.00,0,0,0,0
217.85,0,1.00,0,1.00,0,1.00,0,0,0,0
218.14,0,1.00,0,1.00,0,1.00,0,0,0,0
218.40,0,1.00,0,1.00,0,1.00,0,0,0,0
218.68,0,1.00,0,1.00,0,1.00,0,0,0,0
218.95,0,1.00,0,1.00,0,1.00,0,0,0,0
219.25,0,1.00,0,1.00,0,1.00,0,0,0,0
219.53,0,1.00,0,1.00,0,1.00,0,0,0,0
219.85,0,1.00,0,1.00,0,1.00,0,0,0,0
220.24,0,1.00,0,1.00,0,1.00,0,0,0,0
220.60,0,1.00,0,1.00,0,1.00,0,0,0,0
220.95,0,1.00,0,1.00,0,1.00,0,0,0,0
221.52,0,1.00,0,1.00,0,1.00,0,0,0,0
221.81,0,1.00,0,1.00,0,1.00,0,0,0,0
222.13,0,1.00,0,1.00,0,1.00,0,0,0,0
222.43,0,1.00,0,1.00,0,1.00,0,0,0,0
222.75,0,1.00,0,1.00,0,1.00,0,0,0,0
223.02,0,1.00,0,1.00,0,1.00,0,0,0,0
223.32,0,1.00,0,1.00,0,1.00,0,0,0,0
223.58,0,1.00,0,1.00,0,1.00,0,0,0,0
223.90,0,1.00,0,1.00,0,1.00,0,0,0,0
224.35,0,1.00,0,1.00,0,1.00,0,0,0,0
224.85,0,1.00,0,1.00,0,1.00,0,0,0,0
225.56,0,1.00,0,1.00,0,1.00,0,0,0,0
225.85,0,1.00,0,1.00,0,1.00,0,0,0,0
226.12,0,1.00,0,1.00,0,1.00,0,0,0,0
226.42,0,1.00,0,1.00,0,1.00,0,0,0,0
226.72,0,1.00,0,1.00,0,1.00,0,0,0,0
227.00,0,1.00,0,1.00,0,1.00,0,0,0,0
227.28,0,1.00,0,1.00,0,1.00,0,0,0,0
227.55,0,1.00,0,1.00,0,1.00,0,0,0,0
227.84,0,1.00,0,1.00,0,1.00,0,0,0,0
228.19,0,1.00,0,1.00,0,1.00,0,0,0,0
228.59,0,1.00,0,1.00,0,1.00,0,0,0,0
229.01,0,1.00,0,1.00,0,1.00,0,0,0,0
229.45,0,1.00,0,1.00,0,1.00,0,0,0,0
229.86,0,1.00,0,1.00,0,1.00,0,0,0,0
230.35,0,1.00,0,1.00,0,1.00,0,0,0,0
230.64,0,1.00,0,1.00,0,1.00,0,0,0,0
230.98,0,1.00,0,1.00,0,1.00,0,0,0,0
231.29,0,1.00,0,1.00,0,1.00,0,0,0,0
231.59,0,1.00,0,1.00,0,1.00,0,0,0,0
231.86,0,1.00,0,1.00,0,1.00,0,0,0,0
232.16,0,1.00,0,1.00,0,1.00,0,0,0,0
232.46,0,1.00,0,1.00,0,1.00,0,0,0,0
232.76,0,1.00,0,1.00,0,1.00,0,0,0,0
233.09,0,1.00,0,1.00,0,1.00,0,0,0,0
233.37,0,1.00,0,1.00,0,1.00,0,0,0,0
233.67,0,1.00,0,1.00,0,1.00,0,0,0,0
233.96,0,1.00,0,1.00,0,1.00,0,0,0,0
234.24,0,1.00,0,1.00,0,1.00,0,0,0,0
234.55,0,1.00,0,1.00,0,1.00,0,0,0,0
234.82,0,1.00,0,1.00,0,1.00,0,0,0,0
235.10,0,1.00,0,1.00,0,1.00,0,0,0,0
235.37,0,1.00,0,1.00,0,1.00,0,0,0,0
235.65,0,1.00,0,1.00,0,1.00,0,0,0,0
235.93,0,1.00,0,1.00,0,1.00,0,0,0,0
236.21,0,1.00,0,1.00,0,1.00,0,0,0,0
236.48,0,1.00,0,1.00,0,1.00,0,0,0,0
236.82,0,1.00,0,1.00,0,1.00,0,0,0,0
237.14,0,1.00,0,1.00,0,1.00,0,0,0,0
237.47,0,1.00,0,1.00,0,1.00,0,0,0,0
237.82,0,1.00,0,1.00,0,1.00,0,0,0,0
238.16,0,1.00,0,1.00,0,1.00,0,0,0,0
238.49,0,1.00,0,1.00,0,1.00,0,0,0,0
238.87,0,1.00,0,1.00,0,1.00,0,0,0,0
239.18,0,1.00,0,1.00,0,1.00,0,0,0,0
239.49,0,1.00,0,1.00,0,1.00,0,0,0,0
239.76,0,1.00,0,1.00,0,1.00,0,0,0,0
240.04,0,1.00,0,1.00,0,1.00,0,0,0,0
240.31,0,1.00,0,1.00,0,1.00,0,0,0,0
240.61,0,1.00,0,1.00,0,1.00,0,0,0,0
240.92,0,1.00,0,1.00,0,1.00,0,0,0,0
241.32,0,1.00,0,1.00,0,1.00,0,0,0,0
241.69,0,1.00,0,1.00,0,1.00,0,0,0,0
242.13,0,1.00,0,1.00,0,1.00,0,0,0,0
242.48,0,1.00,0,1.00,0,1.00,0,0,0,0
242.78,0,1.00,0,1.00,0,1.00,0,0,0,0
243.06,0,1.00,0,1.00,0,1.00,0,0,0,0
243.34,0,1.00,0,1.00,0,1.00,0,0,0,0
243.63,0,1.00,0,1.00,0,1.00,0,0,0,0
243.90,0,1.00,0,1.00,0,1.00,0,0,0,0
244.18,0,1.00,0,1.00,0,1.00,0,0,0,0
244.44,0,1.00,0,1.00,0,1.00,0,0,0,0
244.74,0,1.00,0,1.00,0,1.00,0,0,0,0
245.03,0,1.00,0,1.00,0,1.00,0,0,0,0
245.34,0,1.00,0,1.00,0,1.00,0,0,0,0
245.65,0,1.00,0,1.00,0,1.00,0,0,0,0
245.97,0,1.00,0,1.00,0,1.00,0,0,0,0
246.29,0,1.00,0,1.00,0,1.00,0,0,0,0
246.61,0,1.00,0,1.00,0,1.00,0,0,0,0
246.99,0,1.00,0,1.00,0,1.00,0,0,0,0
247.29,0,1.00,0,1.00,0,1.00,0,0,0,0
247.57,0,1.00,0,1.00,0,1.00,0,0,0,0
247.83,0,1.00,0,1.00,0,1.00,0,0,0,0
248.13,0,1.00,0,1.00,0,1.00,0,0,0,0
248.41,0,1.00,0,1.00,0,1.00,0,0,0,0
248.71,0,1.00,0,1.00,0,1.00,0,0,0,0
249.00,0,1.00,0,1.00,0,1.00,0,0,0,0
249.28,0,1.00,0,1.00,0,1.00,0,0,0,0
249.66,0,1.00,0,1.00,0,1.00,0,0,0,0
250.22,0,1.00,0,1.00,0,1.00,0,0,0,0
250.62,0,1.00,0,1.00,0,1.00,0,0,0,0
250.99,0,1.00,0,1.00,0,1.00,0,0,0,0
251.37,0,1.00,0,1.00,0,1.00,0,0,0,0
251.65,0,1.00,0,1.00,0,1.00,0,0,0,0
251.95,0,1.00,0,1.00,0,1.00,0,0,0,0
252.23,0,1.00,0,1.00,0,1.00,0,0,0,0
252.50,0,1.00,0,1.00,0,1.00,0,0,0,0
252.78,0,1.00,0,1.00,0,1.00,0,0,0,0
253.08,0,1.00,0,1.00,0,1.00,0,0,0,0
253.34,0,1.00,0,1.00,0,1.00,0,0,0,0
253.71,0,1.00,0,1.00,0,1.00,0,0,0,0
254.02,0,1.00,0,1.00,0,1.00,0,0,0,0
254.52,0,1.00,0,1.00,0,1.00,0,0,0,0
254.99,0,1.00,0,1.00,0,1.00,0,0,0,0
255.46,0,1.00,0,1.00,0,1.00,0,0,0,0
255.77,0,1.00,0,1.00,0,1.00,0,0,0,0
256.04,0,1.00,0,1.00,0,1.00,0,0,0,0
256.31,0,1.00,0,1.00,0,1.00,0,0,0,0
256.60,0,1.00,0,1.00,0,1.00,0,0,0,0
256.86,0,1.00,0,1.00,0,1.00,0,0,0,0
257.14,0,1.00,0,1.00,0,1.00,0,0,0,0
257.42,0,1.00,0,1.00,0,1.00,0,0,0,0
257.70,0,1.00,0,1.00,0,1.00,0,0,0,0
258.00,0,1.00,0,1.00,0,1.00,0,0,0,0
258.26,0,1.00,0,1.00,0,1.00,0,0,0,0
258.58,0,1.00,0,1.00,0,1.00,0,0,0,0
258.91,0,1.00,0,1.00,0,1.00,0,0,0,0
259.23,0,1.00,0,1.00,0,1.00,0,0,0,0
259.55,0,1.00,0,1.00,0,1.00,0,0,0,0
259.86,0,1.00,0,1.00,0,1.00,0,0,0,0
260.16,0,1.00,0,1.00,0,1.00,0,0,0,0
260.44,0,1.00,0,1.00,0,1.00,0,0,0,0
260.72,0,1.00,0,1.00,0,1.00,0,0,0,0
261.01,0,1.00,0,1.00,0,1.00,0,0,0,0
261.27,0,1.00,0,1.00,0,1.00,0,0,0,0
261.57,0,1.00,0,1.00,0,1.00,0,0,0,0
261.85,0,1.00,0,1.00,0,1.00,0,0,0,0
262.16,0,1.00,0,1.00,0,1.00,0,0,0,0
262.55,0,1.00,0,1.00,0,1.00,0,0,0,0
262.88,0,1.00,0,1.00,0,1.00,0,0,0,0
263.22,0,1.00,0,1.00,0,1.00,0,0,0,0
263.54,0,1.00,0,1.00,0,1.00,0,0,0,0
263.85,0,1.00,0,1.00,0,1.00,0,0,0,0
264.18,0,1.00,0,1.00,0,1.00,0,0,0,0
264.49,0,1.00,0,1.00,0,1.00,0,0,0,0
264.74,0,1.00,0,1.00,0,1.00,0,0,0,0
265.02,0,1.00,0,1.00,0,1.00,0,0,0,0
265.29,0,1.00,0,1.00,0,1.00,0,0,0,0
265.57,0,1.00,0,1.00,0,1.00,0,0,0,0
265.85,0,1.00,0,1.00,0,1.00,0,0,0,0
266.18,0,1.00,0,1.00,0,1.00,0,0,0,0
266.45,0,1.00,0,1.00,0,1.00,0,0,0,0
266.74,0,1.00,0,1.00,0,1.00,0,0,0,0
267.08,0,1.00,0,1.00,0,1.00,0,0,0,0
267.81,0,1.00,0,1.00,0,1.00,0,0,0,0
268.14,0,1.00,0,1.00,0,1.00,0,0,0,0
268.42,0,1.00,0,1.00,0,1.00,0,0,0,0
268.69,0,1.00,0,1.00,0,1.00,0,0,0,0
268.94,0,1.00,0,1.00,0,1.00,0,0,0,0
269.22,0,1.00,0,1.00,0,1.00,0,0,0,0
269.49,0,1.00,0,1.00,0,1.00,0,0,0,0
269.77,0,1.00,0,1.00,0,1.00,0,0,0,0
270.04,0,1.00,0,1.00,0,1.00,0,0,0,0
270.31,0,1.00,0,1.00,0,1.00,0,0,0,0
270.59,0,1.00,0,1.00,0,1.00,0,0,0,0
270.94,0,1.00,0,1.00,0,1.00,0,0,0,0
271.51,0,1.00,0,1.00,0,1.00,0,0,0,0
271.83,0,1.00,0,1.00,0,1.00,0,0,0,0
272.17,0,1.00,0,1.00,0,1.00,0,0,0,0
272.51,0,1.00,0,1.00,0,1.00,0,0,0,0
272.80,0,1.00,0,1.00,0,1.00,0,0,0,0
273.07,0,1.00,0,1.00,0,1.00,0,0,0,0
273.36,0,1.00,0,1.00,0,1.00,0,0,0,0
273.62,0,1.00,0,1.00,0,1.00,0,0,0,0
273.88,0,1.00,0,1.00,0,1.00,0,0,0,0
274.16,0,1.00,0,1.00,0,1.00,0,0,0,0
274.43,0,1.00,0,1.00,0,1.00,0,0,0,0
274.70,0,1.00,0,1.00,0,1.00,0,0,0,0
274.99,0,1.00,0,1.00,0,1.00,0,0,0,0
275.25,0,1.00,0,1.00,0,1.00,0,0,0,0
275.52,0,1.00,0,1.00,0,1.00,0,0,0,0
276.09,0,1.00,0,1.00,0,1.00,0,0,0,0
276.83,0,1.00,0,1.00,0,1.00,0,0,0,0
277.21,0,1.00,0,1.00,0,1.00,0,0,0,0
277.49,0,1.00,0,1.00,0,1.00,0,0,0,0
277.75,0,1.00,0,1.00,0,1.00,0,0,0,0
278.03,0,1.00,0,1.00,0,1.00,0,0,0,0
278.37,0,1.00,0,1.00,0,1.00,0,0,0,0
278.64,0,1.00,0,1.00,0,1.00,0,0,0,0
278.92,0,1.00,0,1.00,0,1.00,0,0,0,0
279.22,0,1.00,0,1.00,0,1.00,0,0,0,0
279.53,0,1.00,0,1.00,0,1.00,0,0,0,0
279.91,0,1.00,0,1.00,0,1.00,0,0,0,0
280.31,0,1.00,0,1.00,0,1.00,0,0,0,0
280.79,0,1.00,0,1.00,0,1.00,0,0,0,0
281.17,0,1.00,0,1.00,0,1.00,0,0,0,0
281.60,0,1.00,0,1.00,0,1.00,0,0,0,0
281.97,0,1.00,0,1.00,0,1.00,0,0,0,0
282.30,0,1.00,0,1.00,0,1.00,0,0,0,0
282.59,0,1.00,0,1.00,0,1.00,0,0,0,0
282.90,0,1.00,0,1.00,0,1.00,0,0,0,0
283.18,0,1.00,0,1.00,0,1.00,0,0,0,0
283.45,0,1.00,0,1.00,0,1.00,0,0,0,0
283.74,0,1.00,0,1.00,0,1.00,0,0,0,0
284.03,0,1.00,0,1.00,0,1.00,0,0,0,0
284.32,0,1.00,0,1.00,0,1.00,0,0,0,0
284.64,0,1.00,0,1.00,0,1.00,0,0,0,0
284.92,0,1.00,0,1.00,0,1.00,0,0,0,0
285.21,0,1.00,0,1.00,0,1.00,0,0,0,0
285.49,0,1.00,0,1.00,0,1.00,0,0,0,0
285.73,0,1.00,0,1.00,0,1.00,0,1,0,0
286.02,0,1.00,0,1.00,0,1.00,0,1,0,0
286.30,0,1.00,0,1.00,0,1.00,0,1,0,0
286.55,0,1.00,0,1.00,0,1.00,0,1,0,0
286.84,0,1.00,0,1.00,0,1.00,0,1,0,0
287.09,0,1.00,0,1.00,0,1.00,0,1,0,0
287.40,0,1.00,0,1.00,0,1.00,0,1,0,0
287.71,0,1.00,0,1.00,0,1.00,0,1,0,0
288.04,0,1.00,0,1.00,0,1.00,0,1,0,0
288.40,0,1.00,0,1.00,0,1.00,0,1,0,0
288.69,0,1.00,0,1.00,0,1.00,0,1,0,0
288.99,0,1.00,0,1.00,0,1.00,0,1,0,0
289.34,0,1.00,0,1.00,0,1.00,0,1,0,0
289.66,0,1.00,0,1.00,0,1.00,0,1,0,0
289.96,0,1.00,0,1.00,0,1.00,0,1,0,0
290.31,0,1.00,0,1.00,0,1.00,0,1,0,0
290.59,0,1.00,0,1.00,0,1.00,0,1,0,0
290.85,0,1.00,0,1.00,0,1.00,0,1,0,0
291.15,0,1.00,0,1.00,0,1.00,0,1,0,0
291.42,0,1.00,0,1.00,0,1.00,0,1,0,0
291.71,0,1.00,0,1.00,0,1.00,0,1,0,0
291.96,0,1.00,0,1.00,0,1.00,0,1,0,0
292.27,0,1.00,0,1.00,0,1.00,0,1,0,0
292.56,0,1.00,0,1.00,0,1.00,0,1,0,0
292.83,0,1.00,0,1.00,0,1.00,0,1,0,0
293.15,0,1.00,0,1.00,0,1.00,0,1,0,0
293.41,0,1.00,0,1.00,0,1.00,0,1,0,0
293.68,0,1.00,0,1.00,0,1.00,0,1,0,0
293.96,0,1.00,0,1.00,0,1.00,0,1,0,0
294.23,0,1.00,0,1.00,0,1.00,0,1,0,0
294.51,0,1.00,0,1.00,0,1.00,0,1,0,0
294.93,0,1.00,0,1.00,0,1.00,0,1,0,0
295.29,0,1.00,0,1.00,0,1.00,0,1,0,0
295.68,0,1.00,0,1.00,0,1.00,0,1,0,0
296.01,0,1.00,0,1.00,0,1.00,0,1,0,0
296.40,0,1.00,0,1.00,0,1.00,0,1,0,0
296.73,0,1.00,0,1.00,0,1.00,0,1,0,0
297.00,0,1.00,0,1.00,0,1.00,0,1,0,0
297.27,0,1.00,0,1.00,0,1.00,0,1,0,0
297.50,0,1.00,0,1.00,0,1.00,0,1,0,0
297.82,0,1.00,0,1.00,0,1.00,0,1,0,0
298.08,0,1.00,0,1.00,0,1.00,0,1,0,0
298.34,0,1.00,0,1.00,0,1.00,0,1,0,0
298.61,0,1.00,0,1.00,0,1.00,0,1,0,0
298.85,0,1.00,0,1.00,0,1.00,0,1,0,0
299.14,0,1.00,0,1.00,0,1.00,0,1,0,0
299.40,0,1.00,0,1.00,0,1.00,0,1,0,0
299.68,0,1.00,0,1.00,0,1.00,0,1,0,0
299.96,0,1.00,0,1.00,0,1.00,0,1,0,0
300.24,0,1.00,0,1.00,0,1.00,0,1,0,0
300.60,0,1.00,0,1.00,0,1.00,0,1,0,0
300.91,0,1.00,0,1.00,0,1.00,0,1,0,0
301.24,0,1.00,0,1.00,0,1.00,0,1,0,0
301.50,0,1.00,0,1.00,0,1.00,0,1,0,0
301.84,0,1.00,0,1.00,0,1.00,0,1,0,0
302.10,0,1.00,0,1.00,0,1.00,0,1,0,0
302.36,0,1.00,0,1.00,0,1.00,0,1,0,0
302.63,0,1.00,0,1.00,0,1.00,0,1,0,0
302.89,0,1.00,0,1.00,0,1.00,0,1,0,0
303.17,0,1.00,0,1.00,0,1.00,0,1,0,0
303.46,0,1.00,0,1.00,0,1.00,0,1,0,0
303.74,0,1.00,0,1.00,0,1.00,0,1,0,0
304.04,0,1.00,0,1.00,0,1.00,0,1,0,0
304.38,0,1.00,0,1.00,0,1.00,0,1,0,0
304.69,0,1.00,0,1.00,0,1.00,0,1,0,0
305.00,0,1.00,0,1.00,0,1.00,0,1,0,0
305.34,0,1.00,0,1.00,0,1.00,0,1,0,0
305.64,0,1.00,0,1.00,0,1.00,0,1,0,0
305.94,0,1.00,0,1.00,0,1.00,0,1,0,0
306.23,0,1.00,0,1.00,0,1.00,0,1,0,0
306.50,0,1.00,0,1.00,0,1.00,0,1,0,0
306.75,0,1.00,0,1.00,0,1.00,0,1,0,0
307.00,0,1.00,0,1.00,0,1.00,0,1,0,0
307.27,0,1.00,0,1.00,0,1.00,0,1,0,0
307.52,0,1.00,0,1.00,0,1.00,0,1,0,0
307.81,0,1.00,0,1.00,0,1.00,0,1,0,0
308.09,0,1.00,0,1.00,0,1.00,0,1,0,0
308.42,0,1.00,0,1.00,0,1.00,0,1,0,0
309.01,0,1.00,0,1.00,0,1.00,0,1,0,0
309.37,0,1.00,0,1.00,0,1.00,0,1,0,0
309.73,0,1.00,0,1.00,0,1.00,0,1,0,0
310.05,0,1.00,0,1.00,0,1.00,0,1,0,0
310.36,0,1.00,0,1.00,0,1.00,0,1,0,0
310.64,0,1.00,0,1.00,0,1.00,0,1,0,0
310.93,0,1.00,0,1.00,0,1.00,0,1,0,0
311.20,0,1.00,0,1.00,0,1.00,0,1,0,0
311.47,0,1.00,0,1.00,0,1.00,0,1,0,0
311.75,0,1.00,0,1.00,0,1.00,0,1,0,0
312.02,0,1.00,0,1.00,0,1.00,0,1,0,0
312.28,0,1.00,0,1.00,0,1.00,0,1,0,0
312.68,0,1.00,0,1.00,0,1.00,0,1,0,0
313.38,0,1.00,0,1.00,0,1.00,0,1,0,0
313.82,0,1.00,0,1.00,0,1.00,0,1,0,0
314.28,0,1.00,0,1.00,0,1.00,0,1,0,0
314.61,0,1.00,0,1.00,0,1.00,0,1,0,0
314.91,0,1.00,0,1.00,0,1.00,0,1,0,0
315.22,0,1.00,0,1.00,0,1.00,0,1,0,0
315.51,0,1.00,0,1.00,0,1.00,0,1,0,0
315.79,0,1.00,0,1.00,0,1.00,0,1,0,0
316.07,0,1.00,0,1.00,0,1.00,0,1,0,0
316.35,0,1.00,0,1.00,0,1.00,0,1,0,0
316.62,0,1.00,0,1.00,0,1.00,0,1,0,0
316.90,0,1.00,0,1.00,0,1.00,0,1,0,0
317.17,0,1.00,0,1.00,0,1.00,0,1,0,0
317.46,0,1.00,0,1.00,0,1.00,0,1,0,0
317.74,0,1.00,0,1.00,0,1.00,0,1,0,0
317.99,0,1.00,0,1.00,0,1.00,0,1,0,0
318.28,0,1.00,0,1.00,0,1.00,0,1,0,0
318.54,0,1.00,0,1.00,0,1.00,0,1,0,0
318.83,0,1.00,0,1.00,0,1.00,0,1,0,0
319.11,0,1.00,0,1.00,0,1.00,0,1,0,0
319.38,0,1.00,0,1.00,0,1.00,0,1,0,0
319.64,0,1.00,0,1.00,0,1.00,0,1,0,0
319.91,0,1.00,0,1.00,0,1.00,0,1,0,0
320.16,0,1.00,0,1.00,0,1.00,0,1,0,0
320.44,0,1.00,0,1.00,0,1.00,0,1,0,0
320.70,0,1.00,0,1.00,0,1.00,0,1,0,0
320.98,0,1.00,0,1.00,0,1.00,0,1,0,0
321.24,0,1.00,0,1.00,0,1.00,0,1,0,0
321.59,0,1.00,0,1.00,0,1.00,0,1,0,0
321.91,0,1.00,0,1.00,0,1.00,0,1,0,0
322.21,0,1.00,0,1.00,0,1.00,0,1,0,0
322.52,0,1.00,0,1.00,0,1.00,0,1,0,0
322.84,0,1.00,0,1.00,0,1.00,0,1,0,0
323.12,0,1.00,0,1.00,0,1.00,0,1,0,0
323.44,0,1.00,0,1.00,0,1.00,0,1,0,0
323.71,0,1.00,0,1.00,0,1.00,0,1,0,0
323.97,0,1.00,0,1.00,0,1.00,0,1,0,0
324.25,0,1.00,0,1.00,0,1.00,0,1,0,0
324.51,0,1.00,0,1.00,0,1.00,0,1,0,0
324.80,0,1.00,0,1.00,0,1.00,0,1,0,0
325.07,0,1.00,0,1.00,0,1.00,0,1,0,0
325.35,0,1.00,0,1.00,0,1.00,0,1,0,0
325.63,0,1.00,0,1.00,0,1.00,0,1,0,0
325.89,0,1.00,0,1.00,0,1.00,0,1,0,0
326.24,0,1.00,0,1.00,0,1.00,0,1,0,0
326.61,0,1.00,0,1.00,0,1.00,0,1,0,0
326.94,0,1.00,0,1.00,0,1.00,0,1,0,0
327.30,0,1.00,0,1.00,0,1.00,0,1,0,0
327.61,0,1.00,0,1.00,0,1.00,0,1,0,0
327.86,0,1.00,0,1.00,0,1.00,0,1,0,0
328.13,0,1.00,0,1.00,0,1.00,0,1,0,0
328.40,0,1.00,0,1.00,0,1.00,0,1,0,0
328.68,0,1.00,0,1.00,0,1.00,0,1,0,0
328.93,0,1.00,0,1.00,0,1.00,0,1,0,0
329.21,0,1.00,0,1.00,0,1.00,0,1,0,0
329.50,0,1.00,0,1.00,0,1.00,0,1,0,0
329.80,0,1.00,0,1.00,0,1.00,0,1,0,0
330.11,0,1.00,0,1.00,0,1.00,0,1,0,0
330.42,0,1.00,0,1.00,0,1.00,0,1,0,0
330.75,0,1.00,0,1.00,0,1.00,0,1,0,0
331.04,0,1.00,0,1.00,0,1.00,0,1,0,0
331.39,0,1.00,0,1.00,0,1.00,0,1,0,0
331.70,0,1.00,0,1.00,0,1.00,0,1,0,0
331.97,0,1.00,0,1.00,0,1.00,0,1,0,0
332.22,0,1.00,0,1.00,0,1.00,0,1,0,0
332.50,0,1.00,0,1.00,0,1.00,0,1,0,0
332.75,0,1.00,0,1.00,0,1.00,0,1,0,0
333.00,0,1.00,0,1.00,0,1.00,0,1,0,0
333.28,0,1.00,0,1.00,0,1.00,0,1,0,0
333.56,0,1.00,0,1.00,0,1.00,0,1,0,0
333.82,0,1.00,0,1.00,0,1.00,0,1,0,0
334.08,0,1.00,0,1.00,0,1.00,0,1,0,0
334.38,0,1.00,0,1.00,0,1.00,0,1,0,0
334.66,0,1.00,0,1.00,0,1.00,0,1,0,0
335.19,0,1.00,0,1.00,0,1.00,0,1,0,0
335.59,0,1.00,0,1.00,0,1.00,0,1,0,0
336.01,0,1.00,0,1.00,0,1.00,0,1,0,0
336.38,0,1.00,0,1.00,0,1.00,0,1,0,0
336.64,0,1.00,0,1.00,0,1.00,0,1,0,0
336.89,0,1.00,0,1.00,0,1.00,0,1,0,0
337.16,0,1.00,0,1.00,0,1.00,0,1,0,0
337.49,0,1.00,0,1.00,0,1.00,0,1,0,0
337.74,0,1.00,0,1.00,0,1.00,0,1,0,0
338.02,0,1.00,0,1.00,0,1.00,0,1,0,0
338.32,0,1.00,0,1.00,0,1.00,0,1,0,0
338.64,0,1.00,0,1.00,0,1.00,0,1,0,0
339.00,0,1.00,0,1.00,0,1.00,0,1,0,0
339.33,0,1.00,0,1.00,0,1.00,0,1,0,0
340.09,0,1.00,0,1.00,0,1.00,0,1,0,0
340.45,0,1.00,0,1.00,0,1.00,0,1,0,0
340.78,0,1.00,0,1.00,0,1.00,0,1,0,0
341.05,0,1.00,0,1.00,0,1.00,0,1,0,0
341.30,0,1.00,0,1.00,0,1.00,0,1,0,0
341.56,0,1.00,0,1.00,0,1.00,0,1,0,0
341.82,0,1.00,0,1.00,0,1.00,0,1,0,0
342.09,0,1.00,0,1.00,0,1.00,0,1,0,0
342.36,0,1.00,0,1.00,0,1.00,0,1,0,0
342.61,0,1.00,0,1.00,0,1.00,0,1,0,0
342.88,0,1.00,0,1.00,0,1.00,0,1,0,0
343.16,0,1.00,0,1.00,0,1.00,0,1,0,0
343.43,0,1.00,0,1.00,0,1.00,0,1,0,0
343.70,0,1.00,0,1.00,0,1.00,0,1,0,0
344.05,0,1.00,0,1.00,0,1.00,0,1,0,0
344.37,0,1.00,0,1.00,0,1.00,0,1,0,0
344.73,0,1.00,0,1.00,0,1.00,0,1,0,0
345.07,0,1.00,0,1.00,0,1.00,0,1,0,0
345.32,0,1.00,0,1.00,0,1.00,0,1,0,0
345.59,0,1.00,0,1.00,0,1.00,0,1,0,0
345.85,0,1.00,0,1.00,0,1.00,0,1,0,0
346.12,0,1.00,0,1.00,0,1.00,0,1,0,0
346.42,0,1.00,0,1.00,0,1.00,0,1,0,0
346.71,0,1.00,0,1.00,0,1.00,0,1,0,0
347.02,0,1.00,0,1.00,0,1.00,0,1,0,0
347.33,0,1.00,0,1.00,0,1.00,0,1,0,0
347.66,0,1.00,0,1.00,0,1.00,0,1,0,0
347.96,0,1.00,0,1.00,0,1.00,0,1,0,0
348.27,0,1.00,0,1.00,0,1.00,0,1,0,0
348.57,0,1.00,0,1.00,0,1.00,0,1,0,0
348.89,0,1.00,0,1.00,0,1.00,0,1,0,0
349.16,0,1.00,0,1.00,0,1.00,0,1,0,0
349.43,0,1.00,0,1.00,0,1.00,0,1,0,0
349.69,0,1.00,0,1.00,0,1.00,0,1,0,0
349.94,0,1.00,0,1.00,0,1.00,0,1,0,0
350.19,0,1.00,0,1.00,0,1.00,0,1,0,0
350.46,0,1.00,0,1.00,0,1.00,0,1,0,0
350.72,0,1.00,0,1.00,0,1.00,0,1,0,0
350.98,0,1.00,0,1.00,0,1.00,0,1,0,0
351.27,0,1.00,0,1.00,0,1.00,0,1,0,0
351.54,0,1.00,0,1.00,0,1.00,0,1,0,0
351.86,0,1.00,0,1.00,0,1.00,0,1,0,0
352.33,0,1.00,0,1.00,0,1.00,0,1,0,0
352.66,0,1.00,0,1.00,0,1.00,0,1,0,0
352.98,0,1.00,0,1.00,0,1.00,0,1,0,0
353.24,0,1.00,0,1.00,0,1.00,0,1,0,0
353.53,0,1.00,0,1.00,0,1.00,0,1,0,0
353.81,0,1.00,0,1.00,0,1.00,0,1,0,0
354.06,0,1.00,0,1.00,0,1.00,0,1,0,0
354.30,0,1.00,0,1.00,0,1.00,0,1,0,0
354.59,0,1.00,0,1.00,0,1.00,0,1,0,0
354.87,0,1.00,0,1.00,0,1.00,0,1,0,0
355.16,0,1.00,0,1.00,0,1.00,0,1,0,0
355.51,0,1.00,0,1.00,0,1.00,0,1,0,0
355.76,0,1.00,0,1.00,0,1.00,0,1,0,0
356.04,0,1.00,0,1.00,0,1.00,0,1,0,0
356.33,0,1.00,0,1.00,0,1.00,0,1,0,0
356.57,0,1.00,0,1.00,0,1.00,0,1,0,0
356.80,0,1.00,0,1.00,0,1.00,0,1,0,0
357.01,0,1.00,0,1.00,0,1.00,0,1,0,0
357.21,0,1.00,0,1.00,0,1.00,0,1,0,0
357.39,0,1.00,0,1.00,0,1.00,0,1,0,0
357.58,0,1.00,0,1.00,0,1.00,0,1,0,0
357.76,0,1.00,0,1.00,0,1.00,0,1,0,0
357.93,0,1.00,0,1.00,0,1.00,0,1,0,0
358.19,0,1.00,0,1.00,0,1.00,0,1,0,0
358.40,0,1.00,0,1.00,0,1.00,0,1,0,0
358.61,0,1.00,0,1.00,0,1.00,0,1,0,0
358.68,0,1.00,0,1.00,0,1.00,0,1,0,0
358.70,0,1.00,0,1.00,0,1.00,0,1,0,0
358.70,0,1.00,0,1.00,0,1.00,0,1,0,0
358.70,0,1.00,0,1.00,0,1.00,0,1,0,0
358.70,0,1.00,0,1.00,0,1.00,0,1,0,0
358.70,0,1.00,0,1.00,0,1.00,0,1,0,0
358.70,0,1.00,0,1.00,0,1.00,0,1,0,0
358.70,0,1.00,0,1.00,0,1.00,0,1,0,0
358.70,0,1.00,0,1.00,0,1.00,0,1,0,0
358.70,0,1.00,0,1.00,0,1.00,0,1,0,0
358.70,0,1.00,0,1.00,0,1.00,0,1,0,0
358.70,0,1.00,0,1.00,0,1.00,0,1,0,0
358.70,0,1.00,0,1.00,0,1.00,0,1,0,0
358.70,0,1.00,0,1.00,0,1.00,0,1,0,0
358.70,0,1.00,0,1.00,0,1.00,0,1,0,0
358.70,0,1.00,0,1.00,0,1.00,0,1,0,0
358.70,0,1.00,0,1.00,0,1.00,0,1,0,0
358.70,0,1.00,0,1.00,0,1.00,0,1,0,0
358.70,0,1.00,0,1.00,0,1.00,0,1,0,0
358.70,0,1.00,0,1.00,0,1.00,0,1,0,0
358.70,0,1.00,0,1.00,0,1.00,0,1,0,0
358.70,0,1.00,0,1.00,0,1.00,0,1,0,0
358.70,0,1.00,0,1.00,0,1.00,0,1,0,0
358.70,0,1.00,0,1.00,0,1.00,0,1,0,0
358.70,0,1.00,0,1.00,0,1.00,0,1,0,0
358.70,0,1.00,0,1.00,0,1.00,0,1,0,0
358.70,0,1.00,0,1.00,0,1.00,0,1,0,0
358.70,0,1.00,0,1.00,0,1.00,0,1,0,0
358.70,0,1.00,0,1.00,0,1.00,0,1,0,0
358.70,0,1.00,0,1.00,0,1.00,0,1,0,0
358.70,0,1.00,0,1.00,0,1.00,0,1,0,0
358.70,0,1.00,0,1.00,0,1.00,0,1,0,0
358.70,0,1.00,0,1.00,0,1.00,0,1,0,0
358.70,0,1.00,0,1.00,0,1.00,0,1,0,0
358.70,0,1.00,0,1.00,0,1.00,0,1,0,0
358.70,0,1.00,0,1.00,0,1.00,0,1,0,0
358.70,0,1.00,0,1.00,0,1.00,0,1,0,0
358.70,0,1.00,0,1.00,0,1.00,0,1,0,0
358.70,0,1.00,0,1.00,0,1.00,0,1,0,0
358.70,0,1.00,0,1.00,0,1.00,0,1,0,0
358.70,0,1.00,0,1.00,0,1.00,0,1,0,0
358.70,0,1.00,0,1.00,0,1.00,0,1,0,0
358.70,0,1.00,0,1.00,0,1.00,0,1,0,0
358.70,0,1.00,0,1.00,0,1.00,0,1,0,0
358.70,0,1.00,0,1.00,0,1.00,0,1,0,0
358.70,0,1.00,0,1.00,0,1.00,0,1,0,0
358.70,0,1.00,0,1.00,0,1.00,0,1,0,0
358.70,0,1.00,0,1.00,0,1.00,0,1,0,0
358.70,0,1.00,0,1.00,0,1.00,0,1,0,0
358.70,0,1.00,0,1.00,0,1.00,0,1,0,0
358.70,0,1.00,0,1.00,0,1.00,0,1,0,0
358.70,0,1.00,0,1.00,0,1.00,0,1,0,0
358.70,0,1.00,0,1.00,0,1.00,0,1,0,0
358.70,0,1.00,0,1.00,0,1.00,0,1,0,0
358.70,0,1.00,0,1.00,0,1.00,0,1,0,0
358.70,0,1.00,0,1.00,0,1.00,0,1,0,0
358.70,0,1.00,0,1.00,0,1.00,0,1,0,0
358.70,0,1.00,0,1.00,0,1.00,0,1,0,0
358.70,0,1.00,0,1.00,0,1.00,0,1,0,0
358.70,0,1.00,0,1.00,0,1.00,0,1,0,0
358.70,0,1.00,0,1.00,0,1.00,0,1,0,0
358.70,0,1.00,0,1.00,0,1.00,0,1,0,0
358.70,0,1.00,0,1.00,0,1.00,0,1,0,0
358.70,0,1.00,0,1.00,0,1.00,0,1,0,0
358.70,0,1.00,0,1.00,0,1.00,0,1,0,0
358.70,0,1.00,0,1.00,0,1.00,0,1,0,0
358.70,0,1.00,0,1.00,0,1.00,0,1,0,0
358.70,0,1.00,0,1.00,0,1.00,0,1,0,0
358.70,0,1.00,0,1.00,0,1.00,0,1,0,0
358.70,0,1.00,0,1.00,0,1.00,0,1,0,0
358.70,0,1.00,0,1.00,0,1.00,0,1,0,0
358.70,0,1.00,0,1.00,0,1.00,0,1,0,0
358.70,0,1.00,0,1.00,0,1.00,0,1,0,0
358.70,0,1.00,0,1.00,0,1.00,0,1,0,0
358.70,0,1.00,0,1.00,0,1.00,0,1,0,0
358.70,0,1.00,0,1.00,0,1.00,0,1,0,0
358.70,0,1.00,0,1.00,0,1.00,0,1,0,0
358.70,0,1.00,0,1.00,0,1.00,0,1,0,0
358.70,0,1.00,0,1.00,0,1.00,0,1,0,0
358.70,0,1.00,0,1.00,0,1.00,0,1,0,0
358.70,0,1.00,0,1.00,0,1.00,0,1,0,0
358.70,0,1.00,0,1.00,0,1.00,0,1,0,0
358.70,0,1.00,0,1.00,0,1.00,0,1,0,0
358.70,0,1.00,0,1.00,0,1.00,0,1,0,0
358.70,0,1.00,0,1.00,0,1.00,0,1,0,0
358.70,0,1.00,0,1.00,0,1.00,0,1,0,0
358.70,0,1.00,0,1.00,0,1.00,0,1,0,0
358.70,0,1.00,0,1.00,0,1.00,0,1,0,0
358.70,0,1.00,0,1.00,0,1.00,0,1,0,0
358.70,0,1.00,0,1.00,0,1.00,0,1,0,0
358.70,0,1.00,0,1.00,0,1.00,0,1,0,0
358.70,0,1.00,0,1.00,0,1.00,0,1,0,0
358.70,0,1.00,0,1.00,0,1.00,0,1,0,0
358.70,0,1.00,0,1.00,0,1.00,0,1,0,0
358.70,0,1.00,0,1.00,0,1.00,0,1,0,0
358.70,0,1.00,0,1.00,0,1.00,0,1,0,0
358.70,0,1.00,0,1.00,0,1.00,0,1,0,0
358.70,0,1.00,0,1.00,0,1.00,0,1,0,0
358.70,0,1.00,0,1.00,0,1.00,0,1,0,0
358.70,0,1.00,0,1.00,0,1.00,0,1,0,0
358.70,0,1.00,0,1.00,0,1.00,0,1,0,0
358.70,0,1.00,0,1.00,0,1.00,0,1,0,0
358.70,0,1.00,0,1.00,0,1.00,0,1,0,0
358.70,0,1.00,0,1.00,0,1.00,0,1,0,0
358.70,0,1.00,0,1.00,0,1.00,0,1,0,0
358.70,0,1.00,0,1.00,0,1.00,0,1,0,0
358.70,0,1.00,0,1.00,0,1.00,0,1,0,0
358.70,0,1.00,0,1.00,0,1.00,0,1,0,0
358.70,0,1.00,0,1.00,0,1.00,0,1,0,0
358.70,0,1.00,0,1.00,0,1.00,0,1,0,0
358.70,0,1.00,0,1.00,0,1.00,0,1,0,0
358.70,0,1.00,0,1.00,0,1.00,0,1,0,0
358.70,0,1.00,0,1.00,0,1.00,0,1,0,0
358.70,0,1.00,0,1.00,0,1.00,0,1,0,0
358.70,0,1.00,0,1.00,0,1.00,0,1,0,0
358.70,0,1.00,0,1.00,0,1.00,0,1,0,0
358.70,0,1.00,0,1.00,0,1.00,0,1,0,0
358.70,0,1.00,0,1.00,0,1.00,0,1,0,0
358.70,0,1.00,0,1.00,0,1.00,0,1,0,0
358.70,0,1.00,0,1.00,0,1.00,0,1,0,0
358.70,0,1.00,0,1.00,0,1.00,0,1,0,0
358.70,0,1.00,0,1.00,0,1.00,0,1,0,0
358.70,0,1.00,0,1.00,0,1.00,0,1,0,0
358.70,0,1.00,0,1.00,0,1.00,0,1,0,0
358.70,0,1.00,0,1.00,0,1.00,0,1,0,0
358.70,0,1.00,0,1.00,0,1.00,0,1,0,0
358.70,0,1.00,0,1.00,0,1.00,0,1,0,0
358.70,0,1.00,0,1.00,0,1.00,0,1,0,0
358.70,0,1.00,0,1.00,0,1.00,0,1,0,0
358.70,0,1.00,0,1.00,0,1.00,0,1,0,0
358.70,0,1.00,0,1.00,0,1.00,0,1,0,0
358.70,0,1.00,0,1.00,0,1.00,0,1,0,0
358.70,0,1.00,0,1.00,0,1.00,0,1,0,0
358.70,0,1.00,0,1.00,0,1.00,0,1,0,0
358.70,0,1.00,0,1.00,0,1.00,0,1,0,0
358.70,0,1.00,0,1.00,0,1.00,0,1,0,0
358.70,0,1.00,0,1.00,0,1.00,0,1,0,0
358.70,0,1.00,0,1.00,0,1.00,0,1,0,0
358.70,0,1.00,0,1.00,0,1.00,0,1,0,0
358.70,0,1.00,0,1.00,0,1.00,0,1,0,0
358.70,0,1.00,0,1.00,0,1.00,0,1,0,0
358.70,0,1.00,0,1.00,0,1.00,0,1,0,0
358.70,0,1.00,0,1.00,0,1.00,0,1,0,0
358.70,0,1.00,0,1.00,0,1.00,0,1,0,0
358.70,0,1.00,0,1.00,0,1.00,0,1,0,0
358.70,0,1.00,0,1.00,0,1.00,0,1,0,0
358.70,0,1.00,0,1.00,0,1.00,0,1,0,0
358.70,0,1.00,0,1.00,0,1.00,0,1,0,0
358.70,0,1.00,0,1.00,0,1.00,0,1,0,0
358.70,0,1.00,0,1.00,0,1.00,0,1,0,0
358.70,0,1.00,0,1.00,0,1.00,0,1,0,0
358.70,0,1.00,0,1.00,0,1.00,0,1,0,0
358.70,0,1.00,0,1.00,0,1.00,0,1,0,0
358.70,0,1.00,0,1.00,0,1.00,0,1,0,0
358.70,0,1.00,0,1.00,0,1.00,0,1,0,0
358.70,0,1.00,0,1.00,0,1.00,0,1,0,0
358.70,0,1.00,0,1.00,0,1.00,0,1,0,0
358.70,0,1.00,0,1.00,0,1.00,0,1,0,0
358.70,0,1.00,0,1.00,0,1.00,0,1,0,0
358.70,0,1.00,0,1.00,0,1.00,0,1,0,0
358.70,0,1.00,0,1.00,0,1.00,0,1,0,0
358.70,0,1.00,0,1.00,0,1.00,0,1,0,0
358.70,0,1.00,0,1.00,0,1.00,0,1,0,0
358.70,0,1.00,0,1.00,0,1.00,0,1,0,0
358.70,0,1.00,0,1.00,0,1.00,0,1,0,0
358.70,0,1.00,0,1.00,0,1.00,0,1,0,0
358.70,0,1.00,0,1.00,0,1.00,0,1,0,0
358.70,0,1.00,0,1.00,0,1.00,0,1,0,0
358.70,0,1.00,0,1.00,0,1.00,0,1,0,0
358.70,0,1.00,0,1.00,0,1.00,0,1,0,0
358.70,0,1.00,0,1.00,0,1.00,0,1,0,0
358.70,0,1.00,0,1.00,0,1.00,0,1,0,0
358.70,0,1.00,0,1.00,0,1.00,0,1,0,0
358.70,0,1.00,0,1.00,0,1.00,0,1,0,0
358.70,0,1.00,0,1.00,0,1.00,0,1,0,0
358.70,0,1.00,0,1.00,0,1.00,0,1,0,0
358.70,0,1.00,0,1.00,0,1.00,0,1,0,0
358.70,0,1.00,0,1.00,0,1.00,0,1,0,0
358.70,0,1.00,0,1.00,0,1.00,0,1,0,0
358.70,0,1.00,0,1.00,0,1.00,0,1,0,0
358.70,0,1.00,0,1.00,0,1.00,0,1,0,0
358.70,0,1.00,0,1.00,0,1.00,0,1,0,0
358.70,0,1.00,0,1.00,0,1.00,0,1,0,0
358.70,0,1.00,0,1.00,0,1.00,0,1,0,0
358.70,0,1.00,0,1.00,0,1.00,0,1,0,0
358.70,0,1.00,0,1.00,0,1.00,0,1,0,0
358.70,0,1.00,0,1.00,0,1.00,0,1,0,0
358.70,0,1.00,0,1.00,0,1.00,0,1,0,0
358.70,0,1.00,0,1.00,0,1.00,0,1,0,0
358.70,0,1.00,0,1.00,0,1.00,0,1,0,0
358.70,0,1.00,0,1.00,0,1.00,0,1,0,0
358.70,0,1.00,0,1.00,0,1.00,0,1,0,0
358.70,0,1.00,0,1.00,0,1.00,0,1,0,0
358.70,0,1.00,0,1.00,0,1.00,0,1,0,0
358.70,0,1.00,0,1.00,0,1.00,0,1,0,0
358.70,0,1.00,0,1.00,0,1.00,0,1,0,0
358.70,0,1.00,0,1.00,0,1.00,0,1,0,0
358.70,0,1.00,0,1.00,0,1.00,0,1,0,0
358.70,0,1.00,0,1.00,0,1.00,0,1,0,0
358.70,0,1.00,0,1.00,0,1.00,0,1,0,0
358.70,0,1.00,0,1.00,0,1.00,0,1,0,0
358.70,0,1.00,0,1.00,0,1.00,0,1,0,0
358.70,0,1.00,0,1.00,0,1.00,0,1,0,0
358.70,0,1.00,0,1.00,0,1.00,0,1,0,0
358.70,0,1.00,0,1.00,0,1.00,0,1,0,0
358.70,0,1.00,0,1.00,0,1.00,0,1,0,0
358.70,0,1.00,0,1.00,0,1.00,0,1,0,0
358.70,0,1.00,0,1.00,0,1.00,0,1,0,0
358.70,0,1.00,0,1.00,0,1.00,0,1,0,0
358.70,0,1.00,0,1.00,0,1.00,0,1,0,0
358.70,0,1.00,0,1.00,0,1.00,0,1,0,0
358.70,0,1.00,0,1.00,0,1.00,0,1,0,0
358.70,0,1.00,0,1.00,0,1.00,0,1,0,0
358.70,0,1.00,0,1.00,0,1.00,0,1,0,0
358.70,0,1.00,0,1.00,0,1.00,0,1,0,0
358.70,0,1.00,0,1.00,0,1.00,0,1,0,0
358.70,0,1.00,0,1.00,0,1.00,0,1,0,0
358.70,0,1.00,0,1.00,0,1.00,0,1,0,0
358.70,0,1.00,0,1.00,0,1.00,0,1,0,0
358.70,0,1.00,0,1.00,0,1.00,0,1,0,0
358.70,0,1.00,0,1.00,0,1.00,0,1,0,0
358.70,0,1.00,0,1.00,0,1.00,0,1,0,0
358.70,0,1.00,0,1.00,0,1.00,0,1,0,0
358.70,0,1.00,0,1.00,0,1.00,0,1,0,0
358.70,0,1.00,0,1.00,0,1.00,0,1,0,0
358.70,0,1.00,0,1.00,0,1.00,0,1,0,0
358.70,0,1.00,0,1.00,0,1.00,0,1,0,0
358.70,0,1.00,0,1.00,0,1.00,0,1,0,0
358.70,0,1.00,0,1.00,0,1.00,0,1,0,0
358.70,0,1.00,0,1.00,0,1.00,0,1,0,0
358.70,0,1.00,0,1.00,0,1.00,0,1,0,0
358.70,0,1.00,0,1.00,0,1.00,0,1,0,0
358.70,0,1.00,0,1.00,0,1.00,0,1,0,0
358.70,0,1.00,0,1.00,0,1.00,0,1,0,0
358.70,0,1.00,0,1.00,0,1.00,0,1,0,0
358.70,0,1.00,0,1.00,0,1.00,0,1,0,0
358.70,0,1.00,0,1.00,0,1.00,0,1,0,0
358.70,0,1.00,0,1.00,0,1.00,0,1,0,0
358.70,0,1.00,0,1.00,0,1.00,0,1,0,0
358.71,0,1.00,0,1.00,0,1.00,0,1,0,0
358.71,0,1.00,0,1.00,0,1.00,0,1,0,0
358.71,0,1.00,0,1.00,0,1.00,0,1,0,0
358.71,0,1.00,0,1.00,0,1.00,0,1,0,0
358.72,0,1.00,0,1.00,0,1.00,0,1,0,0
358.73,0,1.00,0,1.00,0,1.00,0,1,0,0
358.74,0,1.00,0,1.00,0,1.00,0,1,0,0
358.76,0,1.00,0,1.00,0,1.00,0,1,0,0
358.77,0,1.00,0,1.00,0,1.00,0,1,0,0
358.79,0,1.00,0,1.00,0,1.00,0,1,0,0
358.82,0,1.00,0,1.00,0,1.00,0,1,0,0
358.85,0,1.00,0,1.00,0,1.00,0,1,0,0
358.88,0,1.00,0,1.00,0,1.00,0,1,0,0
358.94,0,1.00,0,1.00,0,1.00,0,1,0,0
359.01,0,1.00,0,1.00,0,1.00,0,1,0,0
359.07,0,1.00,0,1.00,0,1.00,0,1,0,0
359.14,0,1.00,0,1.00,0,1.00,0,1,0,0
359.21,0,1.00,0,1.00,0,1.00,0,1,0,0
359.27,0,1.00,0,1.00,0,1.00,0,1,0,0
359.36,0,1.00,0,1.00,0,1.00,0,1,0,0
359.44,0,1.00,0,1.00,0,1.00,0,1,0,0
359.52,0,1.00,0,1.00,0,1.00,0,1,0,0
359.61,0,1.00,0,1.00,0,1.00,0,1,0,0
359.69,0,1.00,0,1.00,0,1.00,0,1,0,0
359.77,0,1.00,0,1.00,0,1.00,0,1,0,0
359.87,0,1.00,0,1.00,0,1.00,0,1,0,0
359.97,0,1.00,0,1.00,0,1.00,0,1,0,0
360.09,0,1.00,0,1.00,0,1.00,0,1,0,0
360.21,0,1.00,0,1.00,0,1.00,0,1,0,0
360.39,0,1.00,0,1.00,0,1.00,0,1,0,0
360.53,0,1.00,0,1.00,0,1.00,0,1,0,0
360.65,0,1.00,0,1.00,0,1.00,0,1,0,0
360.79,0,1.00,0,1.00,0,1.00,0,1,0,0
360.92,0,1.00,0,1.00,0,1.00,0,1,0,0
361.04,0,1.00,0,1.00,0,1.00,0,1,0,0
361.20,0,1.00,0,1.00,0,1.00,0,1,0,0
361.36,0,1.00,0,1.00,0,1.00,0,1,0,0
361.51,0,1.00,0,1.00,0,1.00,0,1,0,0
361.66,0,1.00,0,1.00,0,1.00,0,1,0,0
361.81,0,1.00,0,1.00,0,1.00,0,1,0,0
361.97,0,1.00,0,1.00,0,1.00,0,1,0,0
362.16,0,1.00,0,1.00,0,1.00,0,1,0,0
362.31,0,1.00,0,1.00,0,1.00,0,1,0,0
362.49,0,1.00,0,1.00,0,1.00,0,1,0,0
362.67,0,1.00,0,1.00,0,1.00,0,1,0,0
362.88,0,1.00,0,1.00,0,1.00,0,1,0,0
363.06,0,1.00,0,1.00,0,1.00,0,1,0,0
363.25,0,1.00,0,1.00,0,1.00,0,1,0,0
363.44,0,1.00,0,1.00,0,1.00,0,1,0,0
363.71,0,1.00,0,1.00,0,1.00,0,1,0,0
363.89,0,1.00,0,1.00,0,1.00,0,1,0,0
364.09,0,1.00,0,1.00,0,1.00,0,1,0,0
364.26,0,1.00,0,1.00,0,1.00,0,1,0,0
364.44,0,1.00,0,1.00,0,1.00,0,1,0,0
364.63,0,1.00,0,1.00,0,1.00,0,1,0,0
364.83,0,1.00,0,1.00,0,1.00,0,1,0,0
365.06,0,1.00,0,1.00,0,1.00,0,1,0,0
365.27,0,1.00,0,1.00,0,1.00,0,1,0,0
365.48,0,1.00,0,1.00,0,1.00,0,1,0,0
365.72,0,1.00,0,1.00,0,1.00,0,1,0,0
365.96,0,1.00,0,1.00,0,1.00,0,1,0,0
366.21,0,1.00,0,1.00,0,1.00,0,1,0,0
366.46,0,1.00,0,1.00,0,1.00,0,1,0,0
366.71,0,1.00,0,1.00,0,1.00,0,1,0,0
366.97,0,1.00,0,1.00,0,1.00,0,1,0,0
367.26,0,1.00,0,1.00,0,1.00,0,1,0,0
367.55,0,1.00,0,1.00,0,1.00,0,1,0,0
367.79,0,1.00,0,1.00,0,1.00,0,1,0,0
368.06,0,1.00,0,1.00,0,1.00,0,1,0,0
368.38,0,1.00,0,1.00,0,1.00,0,1,0,0
368.64,0,1.00,0,1.00,0,1.00,0,1,0,0
368.89,0,1.00,0,1.00,0,1.00,0,1,0,0
369.15,0,1.00,0,1.00,0,1.00,0,1,0,0
369.40,0,1.00,0,1.00,0,1.00,0,1,0,0
369.67,0,1.00,0,1.00,0,1.00,0,1,0,0
369.97,0,1.00,0,1.00,0,1.00,0,1,0,0
370.29,0,1.00,0,1.00,0,1.00,0,1,0,0
370.58,0,1.00,0,1.00,0,1.00,0,1,0,0
370.90,0,1.00,0,1.00,0,1.00,0,1,0,0
371.17,0,1.00,0,1.00,0,1.00,0,1,0,0
371.56,0,1.00,0,1.00,0,1.00,0,1,0,0
371.94,0,1.00,0,1.00,0,1.00,0,1,0,0
372.55,0,1.00,0,1.00,0,1.00,0,1,0,0
372.89,0,1.00,0,1.00,0,1.00,0,1,0,0
373.19,0,1.00,0,1.00,0,1.00,0,1,0,0
373.51,0,1.00,0,1.00,0,1.00,0,1,0,0
373.78,0,1.00,0,1.00,0,1.00,0,1,0,0
374.06,0,1.00,0,1.00,0,1.00,0,1,0,0
374.30,0,1.00,0,1.00,0,1.00,0,1,0,0
374.57,0,1.00,0,1.00,0,1.00,0,1,0,0
374.83,0,1.00,0,1.00,0,1.00,0,1,0,0
375.07,0,1.00,0,1.00,0,1.00,0,1,0,0
375.33,0,1.00,0,1.00,0,1.00,0,1,0,0
375.58,0,1.00,0,1.00,0,1.00,0,1,0,0
375.86,0,1.00,0,1.00,0,1.00,0,1,0,0
376.10,0,1.00,0,1.00,0,1.00,0,1,0,0
376.36,0,1.00,0,1.00,0,1.00,0,1,0,0
376.62,0,1.00,0,1.00,0,1.00,0,1,0,0
376.88,0,1.00,0,1.00,0,1.00,0,1,0,0
377.15,0,1.00,0,1.00,0,1.00,0,1,0,0
377.40,0,1.00,0,1.00,0,1.00,0,1,0,0
377.66,0,1.00,0,1.00,0,1.00,0,1,0,0
377.94,0,1.00,0,1.00,0,1.00,0,1,0,0
378.23,0,1.00,0,1.00,0,1.00,0,1,0,0
378.51,0,1.00,0,1.00,0,1.00,0,1,0,0
378.80,0,1.00,0,1.00,0,1.00,0,1,0,0
379.11,0,1.00,0,1.00,0,1.00,0,1,0,0
379.42,0,1.00,0,1.00,0,1.00,0,1,0,0
379.71,0,1.00,0,1.00,0,1.00,0,1,0,0
379.97,0,1.00,0,1.00,0,1.00,0,1,0,0
380.36,0,1.00,0,1.00,0,1.00,0,1,0,0
380.60,0,1.00,0,1.00,0,1.00,0,1,0,0
380.90,0,1.00,0,1.00,0,1.00,0,1,0,0
381.16,0,1.00,0,1.00,0,1.00,0,1,0,0
381.41,0,1.00,0,1.00,0,1.00,0,1,0,0
381.67,0,1.00,0,1.00,0,1.00,0,1,0,0
381.93,0,1.00,0,1.00,0,1.00,0,1,0,0
382.17,0,1.00,0,1.00,0,1.00,0,1,0,0
382.46,0,1.00,0,1.00,0,1.00,0,1,0,0
382.74,0,1.00,0,1.00,0,1.00,0,1,0,0
383.03,0,1.00,0,1.00,0,1.00,0,1,0,0
383.71,0,1.00,0,1.00,0,1.00,0,1,0,0
384.07,0,1.00,0,1.00,0,1.00,0,1,0,0
384.72,0,1.00,0,1.00,0,1.00,0,1,0,0
384.97,0,1.00,0,1.00,0,1.00,0,1,0,0
385.25,0,1.00,0,1.00,0,1.00,0,1,0,0
385.54,0,1.00,0,1.00,0,1.00,0,1,0,0
385.80,0,1.00,0,1.00,0,1.00,0,1,0,0
386.13,0,1.00,0,1.00,0,1.00,0,1,0,0
386.40,0,1.00,0,1.00,0,1.00,0,1,0,0
386.70,0,1.00,0,1.00,0,1.00,0,1,0,0
386.97,0,1.00,0,1.00,0,1.00,0,1,0,0
387.29,0,1.00,0,1.00,0,1.00,0,1,0,0
387.61,0,1.00,0,1.00,0,1.00,0,1,0,0
388.10,0,1.00,0,1.00,0,1.00,0,1,0,0
388.81,0,1.00,0,1.00,0,1.00,0,1,0,0
389.10,0,1.00,0,1.00,0,1.00,0,1,0,0
389.37,0,1.00,0,1.00,0,1.00,0,1,0,0
389.64,0,1.00,0,1.00,0,1.00,0,1,0,0
389.91,0,1.00,0,1.00,0,1.00,0,1,0,0
390.17,0,1.00,0,1.00,0,1.00,0,1,0,0
390.44,0,1.00,0,1.00,0,1.00,0,1,0,0
390.70,0,1.00,0,1.00,0,1.00,0,1,0,0
390.97,0,1.00,0,1.00,0,1.00,0,1,0,0
391.21,0,1.00,0,1.00,0,1.00,0,1,0,0
391.48,0,1.00,0,1.00,0,1.00,0,1,0,0
391.73,0,1.00,0,1.00,0,1.00,0,1,0,0
391.98,0,1.00,0,1.00,0,1.00,0,1,0,0
392.23,0,1.00,0,1.00,0,1.00,0,1,0,0
392.54,0,1.00,0,1.00,0,1.00,0,1,0,0
392.80,0,1.00,0,1.00,0,1.00,0,1,0,0
393.08,0,1.00,0,1.00,0,1.00,0,1,0,0
393.34,0,1.00,0,1.00,0,1.00,0,1,0,0
393.58,0,1.00,0,1.00,0,1.00,0,1,0,0
393.85,0,1.00,0,1.00,0,1.00,0,1,0,0
394.09,0,1.00,0,1.00,0,1.00,0,1,0,0
394.40,0,1.00,0,1.00,0,1.00,0,1,0,0
394.68,0,1.00,0,1.00,0,1.00,0,1,0,0
394.98,0,1.00,0,1.00,0,1.00,0,1,0,0
395.27,0,1.00,0,1.00,0,1.00,0,1,0,0
395.56,0,1.00,0,1.00,0,1.00,0,1,0,0
395.84,0,1.00,0,1.00,0,1.00,0,1,0,0
396.18,0,1.00,0,1.00,0,1.00,0,1,0,0
396.47,0,1.00,0,1.00,0,1.00,0,1,0,0
396.76,0,1.00,0,1.00,0,1.00,0,1,0,0
397.08,0,1.00,0,1.00,0,1.00,0,1,0,0
397.41,0,1.00,0,1.00,0,1.00,0,1,0,0
397.66,0,1.00,0,1.00,0,1.00,0,1,0,0
397.92,0,1.00,0,1.00,0,1.00,0,1,0,0
398.17,0,1.00,0,1.00,0,1.00,0,1,0,0
398.45,0,1.00,0,1.00,0,1.00,0,1,0,0
398.69,0,1.00,0,1.00,0,1.00,0,1,0,0
398.95,0,1.00,0,1.00,0,1.00,0,1,0,0
399.19,0,1.00,0,1.00,0,1.00,0,1,0,0
399.47,0,1.00,0,1.00,0,1.00,0,1,0,0
399.73,0,1.00,0,1.00,0,1.00,0,1,0,0
400.09,0,1.00,0,1.00,0,1.00,0,1,0,0
400.42,0,1.00,0,1.00,0,1.00,0,1,0,0
400.80,0,1.00,0,1.00,0,1.00,0,1,0,0
401.10,0,1.00,0,1.00,0,1.00,0,1,0,0
401.36,0,1.00,0,1.00,0,1.00,0,1,0,0
401.61,0,1.00,0,1.00,0,1.00,0,1,0,0
401.88,0,1.00,0,1.00,0,1.00,0,1,0,0
402.15,0,1.00,0,1.00,0,1.00,0,1,0,0
402.41,0,1.00,0,1.00,0,1.00,0,1,0,0
402.74,0,1.00,0,1.00,0,1.00,0,1,0,0
403.02,0,1.00,0,1.00,0,1.00,0,1,0,0
403.35,0,1.00,0,1.00,0,1.00,0,1,0,0
403.62,0,1.00,0,1.00,0,1.00,0,1,0,0
403.97,0,1.00,0,1.00,0,1.00,0,1,0,0
404.25,0,1.00,0,1.00,0,1.00,0,1,0,0
404.56,0,1.00,0,1.00,0,1.00,0,1,0,0
404.86,0,1.00,0,1.00,0,1.00,0,1,0,0
405.12,0,1.00,0,1.00,0,1.00,0,1,0,0
405.45,0,1.00,0,1.00,0,1.00,0,1,0,0
405.73,0,1.00,0,1.00,0,1.00,0,1,0,0
406.02,0,1.00,0,1.00,0,1.00,0,1,0,0
406.28,0,1.00,0,1.00,0,1.00,0,1,0,0
406.54,0,1.00,0,1.00,0,1.00,0,1,0,0
406.82,0,1.00,0,1.00,0,1.00,0,1,0,0
407.10,0,1.00,0,1.00,0,1.00,0,1,0,0
407.38,0,1.00,0,1.00,0,1.00,0,1,0,0
407.65,0,1.00,0,1.00,0,1.00,0,1,0,0
407.91,0,1.00,0,1.00,0,1.00,0,1,0,0
408.18,0,1.00,0,1.00,0,1.00,0,1,0,0
408.43,0,1.00,0,1.00,0,1.00,0,1,0,0
408.69,0,1.00,0,1.00,0,1.00,0,1,0,0
408.95,0,1.00,0,1.00,0,1.00,0,1,0,0
409.22,0,1.00,0,1.00,0,1.00,0,1,0,0
409.49,0,1.00,0,1.00,0,1.00,0,1,0,0
409.82,0,1.00,0,1.00,0,1.00,0,1,0,0
410.11,0,1.00,0,1.00,0,1.00,0,1,0,0
410.40,0,1.00,0,1.00,0,1.00,0,1,0,0
410.74,0,1.00,0,1.00,0,1.00,0,1,0,0
411.06,0,1.00,0,1.00,0,1.00,0,1,0,0
411.36,0,1.00,0,1.00,0,1.00,0,1,0,0
411.70,0,1.00,0,1.00,0,1.00,0,1,0,0
411.98,0,1.00,0,1.00,0,1.00,0,1,0,0
412.31,0,1.00,0,1.00,0,1.00,0,1,0,0
412.58,0,1.00,0,1.00,0,1.00,0,1,0,0
412.84,0,1.00,0,1.00,0,1.00,0,1,0,0
413.17,0,1.00,0,1.00,0,1.00,0,1,0,0
413.46,0,1.00,0,1.00,0,1.00,0,1,0,0
413.73,0,1.00,0,1.00,0,1.00,0,1,0,0
413.99,0,1.00,0,1.00,0,1.00,0,1,0,0
414.26,0,1.00,0,1.00,0,1.00,0,1,0,0
414.55,0,1.00,0,1.00,0,1.00,0,1,0,0
414.81,0,1.00,0,1.00,0,1.00,0,1,0,0
415.06,0,1.00,0,1.00,0,1.00,0,1,0,0
415.79,0,1.00,0,1.00,0,1.00,0,1,0,0
416.13,0,1.00,0,1.00,0,1.00,0,1,0,0
416.54,0,1.00,0,1.00,0,1.00,0,1,0,0
416.83,0,1.00,0,1.00,0,1.00,0,1,0,0
417.08,0,1.00,0,1.00,0,1.00,0,1,0,0
417.33,0,1.00,0,1.00,0,1.00,0,1,0,0
417.59,0,1.00,0,1.00,0,1.00,0,1,0,0
417.88,0,1.00,0,1.00,0,1.00,0,1,0,0
418.12,0,1.00,0,1.00,0,1.00,0,1,0,0
418.41,0,1.00,0,1.00,0,1.00,0,1,0,0
418.66,0,1.00,0,1.00,0,1.00,0,1,0,0
418.92,0,1.00,0,1.00,0,1.00,0,1,0,0
419.50,0,1.00,0,1.00,0,1.00,0,1,0,0
419.82,0,1.00,0,1.00,0,1.00,0,1,0,0
420.33,0,1.00,0,1.00,0,1.00,0,1,0,0
421.06,0,1.00,0,1.00,0,1.00,0,1,0,0
421.35,0,1.00,0,1.00,0,1.00,0,1,0,0
421.63,0,1.00,0,1.00,0,1.00,0,1,0,0
421.94,0,1.00,0,1.00,0,1.00,0,1,0,0
422.23,0,1.00,0,1.00,0,1.00,0,1,0,0
422.47,0,1.00,0,1.00,0,1.00,0,1,0,0
422.72,0,1.00,0,1.00,0,1.00,0,1,0,0
423.01,0,1.00,0,1.00,0,1.00,0,1,0,0
423.31,0,1.00,0,1.00,0,1.00,0,1,0,0
423.59,0,1.00,0,1.00,0,1.00,0,1,0,0
423.87,0,1.00,0,1.00,0,1.00,0,1,0,0
424.13,0,1.00,0,1.00,0,1.00,0,1,0,0
424.39,0,1.00,0,1.00,0,1.00,0,1,0,0
424.68,0,1.00,0,1.00,0,1.00,0,1,0,0
424.93,0,1.00,0,1.00,0,1.00,0,1,0,0
425.20,0,1.00,0,1.00,0,1.00,0,1,0,0
425.46,0,1.00,0,1.00,0,1.00,0,1,0,0
425.71,0,1.00,0,1.00,0,1.00,0,1,0,0
426.01,0,1.00,0,1.00,0,1.00,0,1,0,0
426.26,0,1.00,0,1.00,0,1.00,0,1,0,0
426.51,0,1.00,0,1.00,0,1.00,0,1,0,0
426.78,0,1.00,0,1.00,0,1.00,0,1,0,0
427.03,0,1.00,0,1.00,0,1.00,0,1,0,0
427.28,0,1.00,0,1.00,0,1.00,0,1,0,0
427.57,0,1.00,0,1.00,0,1.00,0,1,0,0
427.86,0,1.00,0,1.00,0,1.00,0,1,0,0
428.16,0,1.00,0,1.00,0,1.00,0,1,0,0
428.42,0,1.00,0,1.00,0,1.00,0,1,0,0
428.73,0,1.00,0,1.00,0,1.00,0,1,0,0
429.07,0,1.00,0,1.00,0,1.00,0,1,0,0
429.34,0,1.00,0,1.00,0,1.00,0,1,0,0
429.69,0,1.00,0,1.00,0,1.00,0,1,0,0
429.97,0,1.00,0,1.00,0,1.00,0,1,0,0
430.27,0,1.00,0,1.00,0,1.00,0,1,0,0
430.51,0,1.00,0,1.00,0,1.00,0,1,0,0
430.78,0,1.00,0,1.00,0,1.00,0,1,0,0
431.03,0,1.00,0,1.00,0,1.00,0,1,0,0
431.27,0,1.00,0,1.00,0,1.00,0,1,0,0
431.53,0,1.00,0,1.00,0,1.00,0,1,0,0
431.82,0,1.00,0,1.00,0,1.00,0,1,0,0
432.11,0,1.00,0,1.00,0,1.00,0,1,0,0
432.44,0,1.00,0,1.00,0,1.00,0,1,0,0
432.81,0,1.00,0,1.00,0,1.00,0,1,0,0
433.17,0,1.00,0,1.00,0,1.00,0,1,0,0
433.47,0,1.00,0,1.00,0,1.00,0,1,0,0
433.75,0,1.00,0,1.00,0,1.00,0,1,0,0
434.01,0,1.00,0,1.00,0,1.00,0,1,0,0
434.27,0,1.00,0,1.00,0,1.00,0,1,0,0
434.52,0,1.00,0,1.00,0,1.00,0,1,0,0
434.79,0,1.00,0,1.00,0,1.00,0,1,0,0
435.06,0,1.00,0,1.00,0,1.00,0,1,0,0
435.32,0,1.00,0,1.00,0,1.00,0,1,0,0
435.58,0,1.00,0,1.00,0,1.00,0,1,0,0
435.85,0,1.00,0,1.00,0,1.00,0,1,0,0
436.15,0,1.00,0,1.00,0,1.00,0,1,0,0
436.41,0,1.00,0,1.00,0,1.00,0,1,0,0
436.71,0,1.00,0,1.00,0,1.00,0,1,0,0
437.01,0,1.00,0,1.00,0,1.00,0,1,0,0
437.30,0,1.00,0,1.00,0,1.00,0,1,0,0
437.61,0,1.00,0,1.00,0,1.00,0,1,0,0
437.88,0,1.00,0,1.00,0,1.00,0,1,0,0
438.16,0,1.00,0,1.00,0,1.00,0,1,0,0
438.45,0,1.00,0,1.00,0,1.00,0,1,0,0
438.73,0,1.00,0,1.00,0,1.00,0,1,0,0
438.99,0,1.00,0,1.00,0,1.00,0,1,0,0
439.24,0,1.00,0,1.00,0,1.00,0,1,0,0
439.49,0,1.00,0,1.00,0,1.00,0,1,0,0
439.74,0,1.00,0,1.00,0,1.00,0,1,0,0
440.01,0,1.00,0,1.00,0,1.00,0,1,0,0
440.27,0,1.00,0,1.00,0,1.00,0,1,0,0
440.62,0,1.00,0,1.00,0,1.00,0,1,0,0
441.04,0,1.00,0,1.00,0,1.00,0,1,0,0
441.41,0,1.00,0,1.00,0,1.00,0,1,0,0
441.83,0,1.00,0,1.00,0,1.00,0,1,0,0
442.20,0,1.00,0,1.00,0,1.00,0,1,0,0
442.46,0,1.00,0,1.00,0,1.00,0,1,0,0
442.71,0,1.00,0,1.00,0,1.00,0,1,0,0
443.00,0,1.00,0,1.00,0,1.00,0,1,0,0
443.28,0,1.00,0,1.00,0,1.00,0,1,0,0
443.54,0,1.00,0,1.00,0,1.00,0,1,0,0
443.79,0,1.00,0,1.00,0,1.00,0,1,0,0
444.05,0,1.00,0,1.00,0,1.00,0,1,0,0
444.36,0,1.00,0,1.00,0,1.00,0,1,0,0
444.66,0,1.00,0,1.00,0,1.00,0,1,0,0
445.25,0,1.00,0,1.00,0,1.00,0,1,0,0
445.62,0,1.00,0,1.00,0,1.00,0,1,0,0
446.27,0,1.00,0,1.00,0,1.00,0,1,0,0
446.68,0,1.00,0,1.00,0,1.00,0,1,0,0
447.02,0,1.00,0,1.00,0,1.00,0,1,0,0
