0.00,0,1.00,0,1.00,0,1.00,0,0,0,0
0.00,0,1.00,0,1.00,0,1.00,0,0,0,0
0.01,0,1.00,0,1.00,0,1.00,0,0,0,0
0.01,0,1.00,0,1.00,0,1.00,0,0,0,0
0.01,0,1.00,0,1.00,0,1.00,0,0,0,0
0.01,0,1.00,0,1.00,0,1.00,0,0,0,0
0.01,0,1.00,0,1.00,0,1.00,0,0,0,0
0.01,0,1.00,0,1.00,0,1.00,0,0,0,0
0.01,0,1.00,0,1.00,0,1.00,0,0,0,0
0.01,0,1.00,0,1.00,0,1.00,0,0,0,0
0.01,0,1.00,0,1.00,0,1.00,0,0,0,0
0.01,0,1.00,0,1.00,0,1.00,0,0,0,0
0.01,0,1.00,0,1.00,0,1.00,0,0,0,0
0.01,0,1.00,0,1.00,0,1.00,0,0,0,0
0.03,0,1.00,0,1.00,0,1.00,0,0,0,0
0.23,0,1.00,0,1.00,0,1.00,0,0,0,0
0.99,0,1.00,0,1.00,0,1.00,0,0,0,0
2.40,0,1.00,0,1.00,0,1.00,0,0,0,0
4.27,0,1.00,0,1.00,0,1.00,0,0,0,0
5.82,0,1.00,0,1.00,0,1.00,0,0,0,0
7.74,0,1.00,0,1.00,0,1.00,0,0,0,0
10.40,0,1.00,0,1.00,0,1.00,0,0,0,0
13.46,0,1.00,0,1.00,0,1.00,0,0,0,0
16.84,0,1.00,0,1.00,0,1.00,0,0,0,0
19.95,0,1.00,0,1.00,0,1.00,0,0,0,0
21.25,0,1.00,0,1.00,0,1.00,0,0,0,0
21.91,0,1.00,0,1.00,0,1.00,0,0,0,0
23.19,0,1.00,0,1.00,0,1.00,0,0,0,0
24.40,0,1.00,0,1.00,0,1.00,0,0,0,0
24.98,0,1.00,0,1.00,0,1.00,0,0,0,0
25.53,0,1.00,0,1.00,0,1.00,0,0,0,0
26.06,0,1.00,0,1.00,0,1.00,0,0,0,0
26.57,0,1.00,0,1.00,0,1.00,0,0,0,0
27.06,0,1.00,0,1.00,0,1.00,0,0,0,0
27.97,0,1.00,0,1.00,0,1.00,0,0,0,0
28.41,0,1.00,0,1.00,0,1.00,0,0,0,0
29.25,0,1.00,0,1.00,0,1.00,0,0,0,0
29.65,0,1.00,0,1.00,0,1.00,0,0,0,0
30.04,0,1.00,0,1.00,0,1.00,0,0,0,0
30.42,0,1.00,0,1.00,0,1.00,0,0,0,0
30.81,0,1.00,0,1.00,0,1.00,0,0,0,0
31.19,0,1.00,0,1.00,0,1.00,0,0,0,0
31.96,0,1.00,0,1.00,0,1.00,0,0,0,0
32.36,0,1.00,0,1.00,0,1.00,0,0,0,0
32.76,0,1.00,0,1.00,0,1.00,0,0,0,0
33.17,0,1.00,0,1.00,0,1.00,0,0,0,0
33.59,0,1.00,0,1.00,0,1.00,0,0,0,0
34.01,0,1.00,0,1.00,0,1.00,0,0,0,0
34.86,0,1.00,0,1.00,0,1.00,0,0,0,0
35.28,0,1.00,0,1.00,0,1.00,0,0,0,0
35.69,0,1.00,0,1.00,0,1.00,0,0,0,0
36.09,0,1.00,0,1.00,0,1.00,0,0,0,0
36.49,0,1.00,0,1.00,0,1.00,0,0,0,0
36.89,0,1.00,0,1.00,0,1.00,0,0,0,0
37.29,0,1.00,0,1.00,0,1.00,0,0,0,0
37.69,0,1.00,0,1.00,0,1.00,0,0,0,0
38.11,0,1.00,0,1.00,0,1.00,0,0,0,0
38.52,0,1.00,0,1.00,0,1.00,0,0,0,0
38.95,0,1.00,0,1.00,0,1.00,0,0,0,0
39.37,0,1.00,0,1.00,0,1.00,0,0,0,0
39.79,0,1.00,0,1.00,0,1.00,0,0,0,0
40.21,0,1.00,0,1.00,0,1.00,0,0,0,0
40.62,0,1.00,0,1.00,0,1.00,0,0,0,0
41.02,0,1.00,0,1.00,0,1.00,0,0,0,0
41.42,0,1.00,0,1.00,0,1.00,0,0,0,0
41.81,0,1.00,0,1.00,0,1.00,0,0,0,0
42.20,0,1.00,0,1.00,0,1.00,0,0,0,0
42.60,0,1.00,0,1.00,0,1.00,0,0,0,0
42.99,0,1.00,0,1.00,0,1.00,0,0,0,0
43.40,0,1.00,0,1.00,0,1.00,0,0,0,0
43.81,0,1.00,0,1.00,0,1.00,0,0,0,0
44.22,0,1.00,0,1.00,0,1.00,0,0,0,0
44.64,0,1.00,0,1.00,0,1.00,0,0,0,0
45.49,0,1.00,0,1.00,0,1.00,0,0,0,0
45.90,0,1.00,0,1.00,0,1.00,0,0,0,0
46.31,0,1.00,0,1.00,0,1.00,0,0,0,0
46.72,0,1.00,0,1.00,0,1.00,0,0,0,0
47.12,0,1.00,0,1.00,0,1.00,0,0,0,0
47.52,0,1.00,0,1.00,0,1.00,0,0,0,0
47.92,0,1.00,0,1.00,0,1.00,0,0,0,0
48.33,0,1.00,0,1.00,0,1.00,0,0,0,0
48.74,0,1.00,0,1.00,0,1.00,0,0,0,0
49.16,0,1.00,0,1.00,0,1.00,0,0,0,0
49.58,0,1.00,0,1.00,0,1.00,0,0,0,0
50.00,0,1.00,0,1.00,0,1.00,0,0,0,0
50.41,0,1.00,0,1.00,0,1.00,0,0,0,0
50.82,0,1.00,0,1.00,0,1.00,0,0,0,0
51.23,0,1.00,0,1.00,0,1.00,0,0,0,0
51.63,0,1.00,0,1.00,0,1.00,0,0,0,0
52.03,0,1.00,0,1.00,0,1.00,0,0,0,0
52.43,0,1.00,0,1.00,0,1.00,0,0,0,0
52.84,0,1.00,0,1.00,0,1.00,0,0,0,0
53.67,0,1.00,0,1.00,0,1.00,0,0,0,0
57.81,0,1.00,0,1.00,0,1.00,0,0,0,0
61.59,0,1.00,0,1.00,0,1.00,0,0,0,0
65.16,0,1.00,0,1.00,0,1.00,0,0,0,0
69.79,0,1.00,0,1.00,0,1.00,0,0,0,0
75.55,0,1.00,0,1.00,0,1.00,0,0,0,0
79.40,0,1.00,0,1.00,0,1.00,0,0,0,0
83.44,0,1.00,0,1.00,0,1.00,0,0,0,0
90.21,0,1.00,0,1.00,0,1.00,0,0,0,0
92.88,0,1.00,0,1.00,0,1.00,0,0,0,0
93.78,0,1.00,0,1.00,0,1.00,0,0,0,0
94.67,0,1.00,0,1.00,0,1.00,0,0,0,0
95.56,0,1.00,0,1.00,0,1.00,0,0,0,0
96.42,0,1.00,0,1.00,0,1.00,0,0,1,0
97.26,0,1.00,0,1.00,0,1.00,0,0,1,0
98.09,0,1.00,0,1.00,0,1.00,0,0,1,0
98.88,0,1.00,0,1.00,0,1.00,0,0,1,0
99.64,0,1.00,0,1.00,0,1.00,0,0,1,0
100.37,0,1.00,0,1.00,0,1.00,0,0,1,0
101.07,0,1.00,0,1.00,0,1.00,0,0,1,0
101.73,0,1.00,0,1.00,0,1.00,0,0,1,0
102.36,0,1.00,0,1.00,0,1.00,0,0,1,0
102.94,0,1.00,0,1.00,0,1.00,0,0,1,0
103.48,0,1.00,0,1.00,0,1.00,0,0,1,0
103.99,0,1.00,0,1.00,0,1.00,0,0,1,0
104.45,0,1.00,0,1.00,0,1.00,0,0,1,0
104.86,0,1.00,0,1.00,0,1.00,0,0,1,0
105.55,0,1.00,0,1.00,0,1.00,0,0,1,0
105.86,0,1.00,0,1.00,0,1.00,0,0,1,0
106.14,0,1.00,0,1.00,0,1.00,0,0,1,0
106.40,0,1.00,0,1.00,0,1.00,0,0,1,0
106.66,0,1.00,0,1.00,0,1.00,0,0,1,0
107.18,0,1.00,0,1.00,0,1.00,0,0,1,0
107.44,0,1.00,0,1.00,0,1.00,0,0,1,0
107.71,0,1.00,0,1.00,0,1.00,0,0,1,0
107.98,0,1.00,0,1.00,0,1.00,0,0,1,0
108.25,0,1.00,0,1.00,0,1.00,0,0,1,0
108.52,0,1.00,0,1.00,0,1.00,0,0,1,0
108.80,0,1.00,0,1.00,0,1.00,0,0,1,0
109.08,0,1.00,0,1.00,0,1.00,0,0,1,0
109.37,0,1.00,0,1.00,0,1.00,0,0,1,0
109.67,0,1.00,0,1.00,0,1.00,0,0,1,0
109.98,0,1.00,0,1.00,0,1.00,0,0,1,0
110.30,0,1.00,0,1.00,0,1.00,0,0,1,0
110.62,0,1.00,0,1.00,0,1.00,0,0,1,0
110.96,0,1.00,0,1.00,0,1.00,0,0,1,0
111.31,0,1.00,0,1.00,0,1.00,0,0,1,0
111.67,0,1.00,0,1.00,0,1.00,0,0,1,0
112.42,0,1.00,0,1.00,0,1.00,0,0,1,0
112.81,0,1.00,0,1.00,0,1.00,0,0,1,0
113.21,0,1.00,0,1.00,0,1.00,0,0,1,0
113.62,0,1.00,0,1.00,0,1.00,0,0,1,0
114.04,0,1.00,0,1.00,0,1.00,0,0,1,0
114.47,0,1.00,0,1.00,0,1.00,0,0,1,0
114.89,0,1.00,0,1.00,0,1.00,0,0,1,0
115.31,0,1.00,0,1.00,0,1.00,0,0,1,0
115.72,0,1.00,0,1.00,0,1.00,0,0,1,0
116.13,0,1.00,0,1.00,0,1.00,0,0,1,0
116.53,0,1.00,0,1.00,0,1.00,0,0,1,0
116.92,0,1.00,0,1.00,0,1.00,0,0,1,0
117.32,0,1.00,0,1.00,0,1.00,0,0,1,0
117.72,0,1.00,0,1.00,0,1.00,0,0,1,0
118.12,0,1.00,0,1.00,0,1.00,0,0,1,0
118.53,0,1.00,0,1.00,0,1.00,0,0,1,0
118.94,0,1.00,0,1.00,0,1.00,0,0,1,0
119.36,0,1.00,0,1.00,0,1.00,0,0,1,0
119.78,0,1.00,0,1.00,0,1.00,0,0,1,0
120.20,0,1.00,0,1.00,0,1.00,0,0,1,0
120.61,0,1.00,0,1.00,0,1.00,0,0,1,0
121.02,0,1.00,0,1.00,0,1.00,0,0,1,0
121.42,0,1.00,0,1.00,0,1.00,0,0,1,0
121.81,0,1.00,0,1.00,0,1.00,0,0,1,0
122.19,0,1.00,0,1.00,0,1.00,0,0,1,0
122.58,0,1.00,0,1.00,0,1.00,0,0,1,0
122.96,0,1.00,0,1.00,0,1.00,0,0,1,0
123.34,0,1.00,0,1.00,0,1.00,0,0,1,0
123.72,0,1.00,0,1.00,0,1.00,0,0,1,0
124.09,0,1.00,0,1.00,0,1.00,0,0,1,0
124.48,0,1.00,0,1.00,0,1.00,0,0,1,0
124.86,0,1.00,0,1.00,0,1.00,0,0,1,0
125.25,0,1.00,0,1.00,0,1.00,0,0,1,0
125.64,0,1.00,0,1.00,0,1.00,0,0,1,0
126.04,0,1.00,0,1.00,0,1.00,0,0,1,0
126.43,0,1.00,0,1.00,0,1.00,0,0,1,0
126.84,0,1.00,0,1.00,0,1.00,0,0,1,0
127.24,0,1.00,0,1.00,0,1.00,0,0,1,0
127.65,0,1.00,0,1.00,0,1.00,0,0,1,0
128.06,0,1.00,0,1.00,0,1.00,0,0,1,0
128.48,0,1.00,0,1.00,0,1.00,0,0,1,0
128.89,0,1.00,0,1.00,0,1.00,0,0,1,0
129.30,0,1.00,0,1.00,0,1.00,0,0,2,0
129.71,0,1.00,0,1.00,0,1.00,0,0,2,0
130.11,0,1.00,0,1.00,0,1.00,0,0,2,0
130.49,0,1.00,0,1.00,0,1.00,0,0,2,0
130.88,0,1.00,0,1.00,0,1.00,0,0,2,0
131.28,0,1.00,0,1.00,0,1.00,0,0,2,0
131.68,0,1.00,0,1.00,0,1.00,0,0,2,0
132.08,0,1.00,0,1.00,0,1.00,0,0,2,0
132.49,0,1.00,0,1.00,0,1.00,0,0,2,0
132.90,0,1.00,0,1.00,0,1.00,0,0,2,0
133.31,0,1.00,0,1.00,0,1.00,0,0,2,0
133.73,0,1.00,0,1.00,0,1.00,0,0,2,0
134.15,0,1.00,0,1.00,0,1.00,0,0,2,0
134.57,0,1.00,0,1.00,0,1.00,0,0,2,0
134.99,0,1.00,0,1.00,0,1.00,0,0,2,0
135.41,0,1.00,0,1.00,0,1.00,0,0,2,0
135.81,0,1.00,0,1.00,0,1.00,0,0,2,0
136.21,0,1.00,0,1.00,0,1.00,0,0,2,0
136.59,0,1.00,0,1.00,0,1.00,0,0,2,0
136.97,0,1.00,0,1.00,0,1.00,0,0,2,0
137.34,0,1.00,0,1.00,0,1.00,0,0,2,0
137.71,0,1.00,0,1.00,0,1.00,0,0,2,0
138.09,0,1.00,0,1.00,0,1.00,0,0,2,0
138.46,0,1.00,0,1.00,0,1.00,0,0,2,0
138.85,0,1.00,0,1.00,0,1.00,0,0,2,0
139.24,0,1.00,0,1.00,0,1.00,0,0,2,0
139.63,0,1.00,0,1.00,0,1.00,0,0,2,0
140.04,0,1.00,0,1.00,0,1.00,0,0,2,0
140.46,0,1.00,0,1.00,0,1.00,0,0,2,0
140.88,0,1.00,0,1.00,0,1.00,0,0,2,0
141.30,0,1.00,0,1.00,0,1.00,0,0,2,0
141.72,0,1.00,0,1.00,0,1.00,0,0,2,0
142.54,0,1.00,0,1.00,0,1.00,0,0,2,0
142.94,0,1.00,0,1.00,0,1.00,0,0,2,0
143.34,0,1.00,0,1.00,0,1.00,0,0,2,0
143.73,0,1.00,0,1.00,0,1.00,0,0,2,0
144.12,0,1.00,0,1.00,0,1.00,0,0,2,0
144.51,0,1.00,0,1.00,0,1.00,0,0,2,0
144.90,0,1.00,0,1.00,0,1.00,0,0,2,0
145.30,0,1.00,0,1.00,0,1.00,0,0,2,0
145.71,0,1.00,0,1.00,0,1.00,0,0,2,0
146.12,0,1.00,0,1.00,0,1.00,0,0,2,0
146.54,0,1.00,0,1.00,0,1.00,0,0,2,0
146.96,0,1.00,0,1.00,0,1.00,0,0,2,0
147.38,0,1.00,0,1.00,0,1.00,0,0,2,0
147.80,0,1.00,0,1.00,0,1.00,0,0,2,0
148.20,0,1.00,0,1.00,0,1.00,0,0,2,0
148.60,0,1.00,0,1.00,0,1.00,0,0,2,0
149.00,0,1.00,0,1.00,0,1.00,0,0,2,0
149.40,0,1.00,0,1.00,0,1.00,0,0,2,0
149.80,0,1.00,0,1.00,0,1.00,0,0,2,0
150.20,0,1.00,0,1.00,0,1.00,0,0,2,0
150.61,0,1.00,0,1.00,0,1.00,0,0,2,0
151.03,0,1.00,0,1.00,0,1.00,0,0,2,0
151.45,0,1.00,0,1.00,0,1.00,0,0,2,0
151.87,0,1.00,0,1.00,0,1.00,0,0,2,0
152.29,0,1.00,0,1.00,0,1.00,0,0,2,0
152.70,0,1.00,0,1.00,0,1.00,0,0,2,0
153.10,0,1.00,0,1.00,0,1.00,0,0,2,0
153.91,0,1.00,0,1.00,0,1.00,0,0,2,0
154.31,0,1.00,0,1.00,0,1.00,0,0,2,0
154.71,0,1.00,0,1.00,0,1.00,0,0,2,0
155.11,0,1.00,0,1.00,0,1.00,0,0,2,0
155.52,0,1.00,0,1.00,0,1.00,0,0,2,0
155.94,0,1.00,0,1.00,0,1.00,0,0,2,0
156.36,0,1.00,0,1.00,0,1.00,0,0,2,0
156.79,0,1.00,0,1.00,0,1.00,0,0,2,0
157.21,0,1.00,0,1.00,0,1.00,0,0,2,0
157.63,0,1.00,0,1.00,0,1.00,0,0,2,0
158.04,0,1.00,0,1.00,0,1.00,0,0,2,0
158.44,0,1.00,0,1.00,0,1.00,0,0,2,0
158.84,0,1.00,0,1.00,0,1.00,0,0,2,0
159.23,0,1.00,0,1.00,0,1.00,0,0,2,0
159.63,0,1.00,0,1.00,0,1.00,0,0,2,0
160.02,0,1.00,0,1.00,0,1.00,0,0,2,0
160.42,0,1.00,0,1.00,0,1.00,0,0,2,0
160.82,0,1.00,0,1.00,0,1.00,0,0,2,0
161.24,0,1.00,0,1.00,0,1.00,0,0,2,0
161.65,0,1.00,0,1.00,0,1.00,0,0,2,0
162.08,0,1.00,0,1.00,0,1.00,0,0,2,0
162.50,0,1.00,0,1.00,0,1.00,0,0,2,0
162.92,0,1.00,0,1.00,0,1.00,0,0,2,0
163.34,0,1.00,0,1.00,0,1.00,0,0,2,0
163.75,0,1.00,0,1.00,0,1.00,0,0,2,0
164.15,0,1.00,0,1.00,0,1.00,0,0,2,0
164.55,0,1.00,0,1.00,0,1.00,0,0,2,0
164.95,0,1.00,0,1.00,0,1.00,0,0,2,0
165.34,0,1.00,0,1.00,0,1.00,0,0,2,0
165.74,0,1.00,0,1.00,0,1.00,0,0,2,0
166.14,0,1.00,0,1.00,0,1.00,0,0,2,0
166.55,0,1.00,0,1.00,0,1.00,0,0,2,0
166.96,0,1.00,0,1.00,0,1.00,0,0,2,0
167.38,0,1.00,0,1.00,0,1.00,0,0,2,0
167.80,0,1.00,0,1.00,0,1.00,0,0,2,0
168.22,0,1.00,0,1.00,0,1.00,0,0,2,0
168.63,0,1.00,0,1.00,0,1.00,0,0,2,0
169.04,0,1.00,0,1.00,0,1.00,0,0,2,0
169.44,0,1.00,0,1.00,0,1.00,0,0,2,0
169.84,0,1.00,0,1.00,0,1.00,0,0,2,0
170.24,0,1.00,0,1.00,0,1.00,0,0,2,0
170.65,0,1.00,0,1.00,0,1.00,0,0,2,0
171.06,0,1.00,0,1.00,0,1.00,0,0,2,0
171.47,0,1.00,0,1.00,0,1.00,0,0,2,0
171.89,0,1.00,0,1.00,0,1.00,0,0,2,0
172.73,0,1.00,0,1.00,0,1.00,0,0,2,0
173.14,0,1.00,0,1.00,0,1.00,0,0,2,0
173.55,0,1.00,0,1.00,0,1.00,0,0,2,0
173.95,0,1.00,0,1.00,0,1.00,0,0,2,0
174.75,0,1.00,0,1.00,0,1.00,0,0,2,0
175.16,0,1.00,0,1.00,0,1.00,0,0,2,0
175.56,0,1.00,0,1.00,0,1.00,0,0,2,0
175.98,0,1.00,0,1.00,0,1.00,0,0,2,0
176.39,0,1.00,0,1.00,0,1.00,0,0,2,0
177.20,0,1.00,0,1.00,0,1.00,0,0,2,0
177.60,0,1.00,0,1.00,0,1.00,0,0,2,0
177.98,0,1.00,0,1.00,0,1.00,0,0,2,0
178.36,0,1.00,0,1.00,0,1.00,0,0,2,0
178.72,0,1.00,0,1.00,0,1.00,0,0,2,0
179.07,0,1.00,0,1.00,0,1.00,0,0,2,0
179.41,0,1.00,0,1.00,0,1.00,0,0,2,0
179.75,0,1.00,0,1.00,0,1.00,0,0,2,0
180.05,0,1.00,0,1.00,0,1.00,0,0,2,0
180.33,0,1.00,0,1.00,0,1.00,0,0,2,0
180.57,0,1.00,0,1.00,0,1.00,0,0,2,0
180.74,0,1.00,0,1.00,0,1.00,0,0,2,0
180.89,0,1.00,0,1.00,0,1.00,0,0,2,0
181.04,0,1.00,0,1.00,0,1.00,0,0,2,0
181.19,0,1.00,0,1.00,0,1.00,0,0,2,0
181.36,0,1.00,0,1.00,0,1.00,0,0,2,0
181.54,0,1.00,0,1.00,0,1.00,0,0,2,0
181.73,0,1.00,0,1.00,0,1.00,0,0,2,0
181.92,0,1.00,0,1.00,0,1.00,0,0,2,0
182.11,0,1.00,0,1.00,0,1.00,0,0,2,0
182.29,0,1.00,0,1.00,0,1.00,0,0,2,0
182.46,0,1.00,0,1.00,0,1.00,0,0,2,0
182.62,0,1.00,0,1.00,0,1.00,0,0,2,0
182.78,0,1.00,0,1.00,0,1.00,0,0,2,0
182.92,0,1.00,0,1.00,0,1.00,0,0,2,0
183.05,0,1.00,0,1.00,0,1.00,0,0,2,0
183.19,0,1.00,0,1.00,0,1.00,0,0,2,0
183.32,0,1.00,0,1.00,0,1.00,0,0,2,0
183.46,0,1.00,0,1.00,0,1.00,0,0,2,0
183.61,0,1.00,0,1.00,0,1.00,0,0,2,0
183.77,0,1.00,0,1.00,0,1.00,0,0,2,0
183.94,0,1.00,0,1.00,0,1.00,0,0,2,0
184.11,0,1.00,0,1.00,0,1.00,0,0,2,0
184.31,0,1.00,0,1.00,0,1.00,0,0,2,0
184.51,0,1.00,0,1.00,0,1.00,0,0,2,0
184.72,0,1.00,0,1.00,0,1.00,0,0,2,0
184.92,0,1.00,0,1.00,0,1.00,0,0,2,0
185.11,0,1.00,0,1.00,0,1.00,0,0,2,0
185.30,0,1.00,0,1.00,0,1.00,0,0,2,0
185.47,0,1.00,0,1.00,0,1.00,0,0,2,0
185.63,0,1.00,0,1.00,0,1.00,0,0,2,0
185.79,0,1.00,0,1.00,0,1.00,0,0,2,0
185.93,0,1.00,0,1.00,0,1.00,0,0,2,0
186.06,0,1.00,0,1.00,0,1.00,0,0,2,0
186.18,0,1.00,0,1.00,0,1.00,0,0,2,0
186.30,0,1.00,0,1.00,0,1.00,0,0,2,0
186.42,0,1.00,0,1.00,0,1.00,0,0,2,0
186.65,0,1.00,0,1.00,0,1.00,0,0,2,0
186.78,0,1.00,0,1.00,0,1.00,0,0,2,0
186.91,0,1.00,0,1.00,0,1.00,0,0,2,0
187.05,0,1.00,0,1.00,0,1.00,0,0,2,0
187.19,0,1.00,0,1.00,0,1.00,0,0,2,0
187.33,0,1.00,0,1.00,0,1.00,0,0,2,0
187.47,0,1.00,0,1.00,0,1.00,0,0,2,0
187.60,0,1.00,0,1.00,0,1.00,0,0,2,0
187.72,0,1.00,0,1.00,0,1.00,0,0,2,0
187.83,0,1.00,0,1.00,0,1.00,0,0,2,0
187.95,0,1.00,0,1.00,0,1.00,0,0,2,0
188.06,0,1.00,0,1.00,0,1.00,0,0,2,0
188.18,0,1.00,0,1.00,0,1.00,0,0,2,0
188.31,0,1.00,0,1.00,0,1.00,0,0,2,0
188.44,0,1.00,0,1.00,0,1.00,0,0,2,0
188.59,0,1.00,0,1.00,0,1.00,0,0,2,0
188.91,0,1.00,0,1.00,0,1.00,0,0,2,0
189.08,0,1.00,0,1.00,0,1.00,0,0,2,0
189.27,0,1.00,0,1.00,0,1.00,0,0,2,0
189.45,0,1.00,0,1.00,0,1.00,0,0,2,0
189.62,0,1.00,0,1.00,0,1.00,0,0,2,0
189.79,0,1.00,0,1.00,0,1.00,0,0,2,0
189.96,0,1.00,0,1.00,0,1.00,0,0,2,0
190.13,0,1.00,0,1.00,0,1.00,0,0,2,0
190.31,0,1.00,0,1.00,0,1.00,0,0,2,0
190.51,0,1.00,0,1.00,0,1.00,0,0,2,0
190.71,0,1.00,0,1.00,0,1.00,0,0,2,0
190.92,0,1.00,0,1.00,0,1.00,0,0,2,0
191.15,0,1.00,0,1.00,0,1.00,0,0,2,0
191.38,0,1.00,0,1.00,0,1.00,0,0,2,0
191.63,0,1.00,0,1.00,0,1.00,0,0,2,0
191.88,0,1.00,0,1.00,0,1.00,0,0,2,0
192.13,0,1.00,0,1.00,0,1.00,0,0,2,0
192.35,0,1.00,0,1.00,0,1.00,0,0,2,0
192.53,0,1.00,0,1.00,0,1.00,0,0,2,0
192.67,0,1.00,0,1.00,0,1.00,0,0,2,0
192.81,0,1.00,0,1.00,0,1.00,0,0,2,0
192.95,0,1.00,0,1.00,0,1.00,0,0,2,0
193.10,0,1.00,0,1.00,0,1.00,0,0,2,0
193.26,0,1.00,0,1.00,0,1.00,0,0,2,0
193.44,0,1.00,0,1.00,0,1.00,0,0,2,0
193.63,0,1.00,0,1.00,0,1.00,0,0,2,0
193.82,0,1.00,0,1.00,0,1.00,0,0,2,0
194.00,0,1.00,0,1.00,0,1.00,0,0,2,0
194.18,0,1.00,0,1.00,0,1.00,0,0,2,0
194.35,0,1.00,0,1.00,0,1.00,0,0,2,0
194.51,0,1.00,0,1.00,0,1.00,0,0,2,0
194.66,0,1.00,0,1.00,0,1.00,0,0,2,0
194.80,0,1.00,0,1.00,0,1.00,0,0,2,0
194.93,0,1.00,0,1.00,0,1.00,0,0,2,0
195.05,0,1.00,0,1.00,0,1.00,0,0,2,0
195.17,0,1.00,0,1.00,0,1.00,0,0,2,0
195.27,0,1.00,0,1.00,0,1.00,0,0,2,0
195.36,0,1.00,0,1.00,0,1.00,0,0,2,0
195.45,0,1.00,0,1.00,0,1.00,0,0,2,0
195.54,0,1.00,0,1.00,0,1.00,0,0,2,0
195.63,0,1.00,0,1.00,0,1.00,0,0,2,0
195.72,0,1.00,0,1.00,0,1.00,0,0,2,0
195.81,0,1.00,0,1.00,0,1.00,0,0,2,0
195.91,0,1.00,0,1.00,0,1.00,0,0,2,0
196.02,0,1.00,0,1.00,0,1.00,0,0,2,0
196.13,0,1.00,0,1.00,0,1.00,0,0,2,0
196.25,0,1.00,0,1.00,0,1.00,0,0,2,0
196.37,0,1.00,0,1.00,0,1.00,0,0,2,0
196.48,0,1.00,0,1.00,0,1.00,0,0,2,0
196.60,0,1.00,0,1.00,0,1.00,0,0,2,0
196.72,0,1.00,0,1.00,0,1.00,0,0,2,0
196.85,0,1.00,0,1.00,0,1.00,0,0,2,0
196.98,0,1.00,0,1.00,0,1.00,0,0,2,0
197.13,0,1.00,0,1.00,0,1.00,0,0,2,0
197.28,0,1.00,0,1.00,0,1.00,0,0,2,0
197.45,0,1.00,0,1.00,0,1.00,0,0,2,0
197.63,0,1.00,0,1.00,0,1.00,0,0,2,0
197.82,0,1.00,0,1.00,0,1.00,0,0,2,0
198.03,0,1.00,0,1.00,0,1.00,0,0,2,0
198.25,0,1.00,0,1.00,0,1.00,0,0,2,0
198.47,0,1.00,0,1.00,0,1.00,0,0,2,0
198.70,0,1.00,0,1.00,0,1.00,1,0,2,0
198.93,0,1.00,0,1.00,0,1.00,1,0,2,0
199.14,0,1.00,0,1.00,0,1.00,1,0,2,0
199.35,0,1.00,0,1.00,0,1.00,1,0,2,0
199.55,0,1.00,0,1.00,0,1.00,1,0,2,0
199.75,0,1.00,0,1.00,0,1.00,1,0,2,0
199.96,0,1.00,0,1.00,0,1.00,1,0,2,0
200.17,0,1.00,0,1.00,0,1.00,1,0,2,0
200.39,0,1.00,0,1.00,0,1.00,1,0,2,0
200.62,0,1.00,0,1.00,0,1.00,1,0,2,0
200.86,0,1.00,0,1.00,0,1.00,1,0,2,0
201.12,0,1.00,0,1.00,0,1.00,1,0,2,0
201.38,0,1.00,0,1.00,0,1.00,1,0,2,0
201.64,0,1.00,0,1.00,0,1.00,1,0,2,0
201.91,0,1.00,0,1.00,0,1.00,1,0,2,0
202.18,0,1.00,0,1.00,0,1.00,1,0,2,0
202.46,0,1.00,0,1.00,0,1.00,1,0,2,0
202.74,0,1.00,0,1.00,0,1.00,1,0,2,0
203.02,0,1.00,0,1.00,0,1.00,1,0,2,0
203.30,0,1.00,0,1.00,0,1.00,1,0,2,0
203.58,0,1.00,0,1.00,0,1.00,1,0,2,0
203.88,0,1.00,0,1.00,0,1.00,1,0,2,0
204.20,0,1.00,0,1.00,0,1.00,1,0,2,0
204.54,0,1.00,0,1.00,0,1.00,1,0,2,0
204.90,0,1.00,0,1.00,0,1.00,1,0,2,0
205.27,0,1.00,0,1.00,0,1.00,1,0,2,0
205.65,0,1.00,0,1.00,0,1.00,1,0,2,0
206.03,0,1.00,0,1.00,0,1.00,1,0,2,0
206.82,0,1.00,0,1.00,0,1.00,1,0,2,0
207.23,0,1.00,0,1.00,0,1.00,1,0,2,0
207.65,0,1.00,0,1.00,0,1.00,1,0,2,0
208.07,0,1.00,0,1.00,0,1.00,1,0,2,0
208.50,0,1.00,0,1.00,0,1.00,1,0,2,0
208.91,0,1.00,0,1.00,0,1.00,1,0,2,0
209.32,0,1.00,0,1.00,0,1.00,1,0,2,0
209.73,0,1.00,0,1.00,0,1.00,1,0,2,0
210.14,0,1.00,0,1.00,0,1.00,1,0,2,0
210.54,0,1.00,0,1.00,0,1.00,1,0,2,0
210.95,0,1.00,0,1.00,0,1.00,1,0,2,0
211.35,0,1.00,0,1.00,0,1.00,1,0,2,0
211.77,0,1.00,0,1.00,0,1.00,1,0,2,0
212.18,0,1.00,0,1.00,0,1.00,1,0,2,0
212.60,0,1.00,0,1.00,0,1.00,1,0,2,0
213.03,0,1.00,0,1.00,0,1.00,1,0,2,0
213.45,0,1.00,0,1.00,0,1.00,1,0,2,0
213.86,0,1.00,0,1.00,0,1.00,1,0,2,0
214.26,0,1.00,0,1.00,0,1.00,1,0,2,0
214.66,0,1.00,0,1.00,0,1.00,1,0,2,0
215.06,0,1.00,0,1.00,0,1.00,1,0,2,0
215.44,0,1.00,0,1.00,0,1.00,1,0,2,0
215.83,0,1.00,0,1.00,0,1.00,1,0,2,0
216.22,0,1.00,0,1.00,0,1.00,1,0,2,0
216.62,0,1.00,0,1.00,0,1.00,1,0,2,0
217.02,0,1.00,0,1.00,0,1.00,1,0,2,0
217.43,0,1.00,0,1.00,0,1.00,1,0,2,0
217.84,0,1.00,0,1.00,0,1.00,1,0,2,0
218.26,0,1.00,0,1.00,0,1.00,1,0,2,0
218.68,0,1.00,0,1.00,0,1.00,1,0,2,0
219.10,0,1.00,0,1.00,0,1.00,1,0,2,0
219.52,0,1.00,0,1.00,0,1.00,1,0,2,0
219.93,0,1.00,0,1.00,0,1.00,1,0,2,0
220.33,0,1.00,0,1.00,0,1.00,1,0,2,0
220.73,0,1.00,0,1.00,0,1.00,1,0,2,0
221.13,0,1.00,0,1.00,0,1.00,1,0,2,0
221.53,0,1.00,0,1.00,0,1.00,1,0,2,0
221.93,0,1.00,0,1.00,0,1.00,1,0,2,0
222.35,0,1.00,0,1.00,0,1.00,1,0,2,0
222.76,0,1.00,0,1.00,0,1.00,1,0,2,0
223.19,0,1.00,0,1.00,0,1.00,1,0,2,0
223.61,0,1.00,0,1.00,0,1.00,1,0,2,0
224.02,0,1.00,0,1.00,0,1.00,1,0,2,0
224.43,0,1.00,0,1.00,0,1.00,1,0,2,0
224.84,0,1.00,0,1.00,0,1.00,1,0,2,0
225.23,0,1.00,0,1.00,0,1.00,1,0,2,0
225.63,0,1.00,0,1.00,0,1.00,1,0,2,0
226.02,0,1.00,0,1.00,0,1.00,1,0,2,0
226.42,0,1.00,0,1.00,0,1.00,1,0,2,0
226.82,0,1.00,0,1.00,0,1.00,1,0,2,0
227.23,0,1.00,0,1.00,0,1.00,1,0,2,0
227.65,0,1.00,0,1.00,0,1.00,1,0,2,0
228.07,0,1.00,0,1.00,0,1.00,1,0,2,0
228.49,0,1.00,0,1.00,0,1.00,1,0,2,0
228.91,0,1.00,0,1.00,0,1.00,1,0,2,0
229.32,0,1.00,0,1.00,0,1.00,1,0,2,0
229.73,0,1.00,0,1.00,0,1.00,1,0,2,0
230.13,0,1.00,0,1.00,0,1.00,1,0,2,0
230.53,0,1.00,0,1.00,0,1.00,1,0,2,0
230.92,0,1.00,0,1.00,0,1.00,1,0,2,0
231.32,0,1.00,0,1.00,0,1.00,1,0,2,0
231.73,0,1.00,0,1.00,0,1.00,1,0,2,0
232.14,0,1.00,0,1.00,0,1.00,1,0,2,0
232.56,0,1.00,0,1.00,0,1.00,1,0,2,0
232.98,0,1.00,0,1.00,0,1.00,1,0,2,0
233.40,0,1.00,0,1.00,0,1.00,1,0,2,0
233.82,0,1.00,0,1.00,0,1.00,1,0,2,0
234.23,0,1.00,0,1.00,0,1.00,1,0,2,0
234.64,0,1.00,0,1.00,0,1.00,1,0,2,0
235.03,0,1.00,0,1.00,0,1.00,1,0,2,0
235.43,0,1.00,0,1.00,0,1.00,1,0,2,0
235.82,0,1.00,0,1.00,0,1.00,1,0,2,0
236.21,0,1.00,0,1.00,0,1.00,1,0,2,0
236.61,0,1.00,0,1.00,0,1.00,1,0,2,0
237.01,0,1.00,0,1.00,0,1.00,1,0,2,0
237.84,0,1.00,0,1.00,0,1.00,1,0,2,0
238.26,0,1.00,0,1.00,0,1.00,1,0,2,0
238.68,0,1.00,0,1.00,0,1.00,1,0,2,0
239.10,0,1.00,0,1.00,0,1.00,1,0,2,0
239.51,0,1.00,0,1.00,0,1.00,1,0,2,0
239.91,0,1.00,0,1.00,0,1.00,1,0,2,0
240.32,0,1.00,0,1.00,0,1.00,1,0,2,0
240.72,0,1.00,0,1.00,0,1.00,1,0,2,0
241.13,0,1.00,0,1.00,0,1.00,1,0,2,0
241.53,0,1.00,0,1.00,0,1.00,1,0,2,0
241.95,0,1.00,0,1.00,0,1.00,1,0,2,0
242.37,0,1.00,0,1.00,0,1.00,1,0,2,0
242.79,0,1.00,0,1.00,0,1.00,1,0,2,0
243.20,0,1.00,0,1.00,0,1.00,1,0,2,0
243.61,0,1.00,0,1.00,0,1.00,1,0,2,0
244.02,0,1.00,0,1.00,0,1.00,1,0,2,0
244.42,0,1.00,0,1.00,0,1.00,1,0,2,0
244.82,0,1.00,0,1.00,0,1.00,1,0,2,0
245.22,0,1.00,0,1.00,0,1.00,1,0,2,0
245.63,0,1.00,0,1.00,0,1.00,1,0,2,0
246.05,0,1.00,0,1.00,0,1.00,1,0,2,0
246.47,0,1.00,0,1.00,0,1.00,1,0,2,0
246.89,0,1.00,0,1.00,0,1.00,1,0,2,0
247.30,0,1.00,0,1.00,0,1.00,1,0,2,0
247.71,0,1.00,0,1.00,0,1.00,1,0,2,0
248.11,0,1.00,0,1.00,0,1.00,1,0,2,0
248.52,0,1.00,0,1.00,0,1.00,1,0,2,0
248.92,0,1.00,0,1.00,0,1.00,1,0,2,0
249.32,0,1.00,0,1.00,0,1.00,1,0,2,0
249.73,0,1.00,0,1.00,0,1.00,1,0,2,0
250.15,0,1.00,0,1.00,0,1.00,1,0,2,0
250.56,0,1.00,0,1.00,0,1.00,1,0,2,0
250.98,0,1.00,0,1.00,0,1.00,1,0,2,0
251.40,0,1.00,0,1.00,0,1.00,1,0,2,0
251.81,0,1.00,0,1.00,0,1.00,1,0,2,0
252.21,0,1.00,0,1.00,0,1.00,1,0,2,0
252.61,0,1.00,0,1.00,0,1.00,1,0,2,0
253.01,0,1.00,0,1.00,0,1.00,1,0,2,0
253.40,0,1.00,0,1.00,0,1.00,1,0,2,0
253.81,0,1.00,0,1.00,0,1.00,1,0,2,0
254.22,0,1.00,0,1.00,0,1.00,1,0,2,0
254.63,0,1.00,0,1.00,0,1.00,1,0,2,0
255.05,0,1.00,0,1.00,0,1.00,1,0,2,0
255.47,0,1.00,0,1.00,0,1.00,1,0,2,0
255.88,0,1.00,0,1.00,0,1.00,1,0,2,0
256.29,0,1.00,0,1.00,0,1.00,1,0,2,0
256.70,0,1.00,0,1.00,0,1.00,1,0,2,0
257.10,0,1.00,0,1.00,0,1.00,1,0,2,0
257.50,0,1.00,0,1.00,0,1.00,1,0,2,0
257.91,0,1.00,0,1.00,0,1.00,1,0,2,0
258.31,0,1.00,0,1.00,0,1.00,1,0,2,0
258.73,0,1.00,0,1.00,0,1.00,1,0,2,0
259.14,0,1.00,0,1.00,0,1.00,1,0,2,0
259.56,0,1.00,0,1.00,0,1.00,1,0,2,0
259.98,0,1.00,0,1.00,0,1.00,1,0,2,0
260.39,0,1.00,0,1.00,0,1.00,1,0,2,0
260.80,0,1.00,0,1.00,0,1.00,1,0,2,0
261.21,0,1.00,0,1.00,0,1.00,1,0,2,0
261.61,0,1.00,0,1.00,0,1.00,1,0,2,0
262.01,0,1.00,0,1.00,0,1.00,1,0,2,0
262.41,0,1.00,0,1.00,0,1.00,1,0,2,0
262.81,0,1.00,0,1.00,0,1.00,1,0,2,0
263.21,0,1.00,0,1.00,0,1.00,1,0,2,0
263.62,0,1.00,0,1.00,0,1.00,1,0,2,0
264.03,0,1.00,0,1.00,0,1.00,1,0,2,0
264.46,0,1.00,0,1.00,0,1.00,1,0,2,0
264.88,0,1.00,0,1.00,0,1.00,1,0,2,0
265.29,0,1.00,0,1.00,0,1.00,1,0,2,0
266.11,0,1.00,0,1.00,0,1.00,1,0,2,0
266.51,0,1.00,0,1.00,0,1.00,1,0,2,0
266.91,0,1.00,0,1.00,0,1.00,1,0,2,0
267.31,0,1.00,0,1.00,0,1.00,1,0,2,0
267.71,0,1.00,0,1.00,0,1.00,1,0,2,0
268.11,0,1.00,0,1.00,0,1.00,1,0,2,0
268.52,0,1.00,0,1.00,0,1.00,1,0,2,0
268.93,0,1.00,0,1.00,0,1.00,1,0,2,0
269.35,0,1.00,0,1.00,0,1.00,1,0,2,0
269.77,0,1.00,0,1.00,0,1.00,1,0,2,0
270.19,0,1.00,0,1.00,0,1.00,1,0,2,0
270.61,0,1.00,0,1.00,0,1.00,1,0,2,0
271.02,0,1.00,0,1.00,0,1.00,1,0,2,0
271.42,0,1.00,0,1.00,0,1.00,1,0,2,0
271.82,0,1.00,0,1.00,0,1.00,1,0,2,0
272.22,0,1.00,0,1.00,0,1.00,1,0,2,0
272.62,0,1.00,0,1.00,0,1.00,1,0,2,0
273.02,0,1.00,0,1.00,0,1.00,1,0,2,0
273.42,0,1.00,0,1.00,0,1.00,1,0,2,0
273.83,0,1.00,0,1.00,0,1.00,1,0,2,0
274.24,0,1.00,0,1.00,0,1.00,1,0,2,0
274.66,0,1.00,0,1.00,0,1.00,1,0,2,0
275.08,0,1.00,0,1.00,0,1.00,1,0,2,0
275.50,0,1.00,0,1.00,0,1.00,1,0,2,0
275.91,0,1.00,0,1.00,0,1.00,1,0,2,0
276.32,0,1.00,0,1.00,0,1.00,1,0,2,0
276.72,0,1.00,0,1.00,0,1.00,1,0,2,0
277.12,0,1.00,0,1.00,0,1.00,1,0,2,0
277.52,0,1.00,0,1.00,0,1.00,1,0,2,0
277.93,0,1.00,0,1.00,0,1.00,1,0,2,0
278.34,0,1.00,0,1.00,0,1.00,1,0,2,0
278.76,0,1.00,0,1.00,0,1.00,1,0,2,0
279.18,0,1.00,0,1.00,0,1.00,1,0,2,0
280.01,0,1.00,0,1.00,0,1.00,1,0,2,0
280.42,0,1.00,0,1.00,0,1.00,1,0,2,0
280.82,0,1.00,0,1.00,0,1.00,1,0,2,0
281.22,0,1.00,0,1.00,0,1.00,1,0,2,0
281.62,0,1.00,0,1.00,0,1.00,1,0,2,0
282.03,0,1.00,0,1.00,0,1.00,1,0,2,0
282.43,0,1.00,0,1.00,0,1.00,1,0,2,0
282.85,0,1.00,0,1.00,0,1.00,1,0,2,0
283.26,0,1.00,0,1.00,0,1.00,1,0,2,0
283.68,0,1.00,0,1.00,0,1.00,1,0,2,0
284.10,0,1.00,0,1.00,0,1.00,1,0,2,0
284.52,0,1.00,0,1.00,0,1.00,1,0,2,0
284.93,0,1.00,0,1.00,0,1.00,1,0,2,0
285.33,0,1.00,0,1.00,0,1.00,1,0,2,0
285.73,0,1.00,0,1.00,0,1.00,1,0,2,0
286.14,0,1.00,0,1.00,0,1.00,1,0,2,0
286.54,0,1.00,0,1.00,0,1.00,1,0,2,0
286.94,0,1.00,0,1.00,0,1.00,1,0,2,0
287.36,0,1.00,0,1.00,0,1.00,1,0,2,0
287.77,0,1.00,0,1.00,0,1.00,1,0,2,0
288.19,0,1.00,0,1.00,0,1.00,1,0,2,0
288.62,0,1.00,0,1.00,0,1.00,1,0,2,0
289.04,0,1.00,0,1.00,0,1.00,1,0,2,0
289.45,0,1.00,0,1.00,0,1.00,1,0,2,0
289.86,0,1.00,0,1.00,0,1.00,1,0,2,0
290.26,0,1.00,0,1.00,0,1.00,1,0,2,0
290.66,0,1.00,0,1.00,0,1.00,1,0,2,0
291.05,0,1.00,0,1.00,0,1.00,1,0,2,0
291.44,0,1.00,0,1.00,0,1.00,1,0,2,0
291.84,0,1.00,0,1.00,0,1.00,1,0,2,0
292.23,0,1.00,0,1.00,0,1.00,1,0,2,0
293.05,0,1.00,0,1.00,0,1.00,1,0,2,0
293.46,0,1.00,0,1.00,0,1.00,1,0,2,0
293.89,0,1.00,0,1.00,0,1.00,1,0,2,0
294.32,0,1.00,0,1.00,0,1.00,1,0,2,0
294.75,0,1.00,0,1.00,0,1.00,1,0,2,0
295.17,0,1.00,0,1.00,0,1.00,1,0,2,0
295.59,0,1.00,0,1.00,0,1.00,1,0,2,0
296.00,0,1.00,0,1.00,0,1.00,1,0,2,0
296.40,0,1.00,0,1.00,0,1.00,1,0,2,0
296.79,0,1.00,0,1.00,0,1.00,1,0,2,0
297.18,0,1.00,0,1.00,0,1.00,1,0,2,0
297.57,0,1.00,0,1.00,0,1.00,1,0,2,0
297.96,0,1.00,0,1.00,0,1.00,1,0,2,0
298.36,0,1.00,0,1.00,0,1.00,1,0,2,0
298.75,0,1.00,0,1.00,0,1.00,1,0,2,0
299.16,0,1.00,0,1.00,0,1.00,1,0,2,0
299.57,0,1.00,0,1.00,0,1.00,1,0,2,0
299.99,0,1.00,0,1.00,0,1.00,1,0,2,0
300.42,0,1.00,0,1.00,0,1.00,1,0,2,0
300.85,0,1.00,0,1.00,0,1.00,1,0,2,0
301.27,0,1.00,0,1.00,0,1.00,1,0,2,0
301.69,0,1.00,0,1.00,0,1.00,1,0,2,0
302.09,0,1.00,0,1.00,0,1.00,1,0,2,0
302.50,0,1.00,0,1.00,0,1.00,1,0,2,0
302.89,0,1.00,0,1.00,0,1.00,1,0,2,0
303.28,0,1.00,0,1.00,0,1.00,1,0,2,0
303.67,0,1.00,0,1.00,0,1.00,1,0,2,0
304.06,0,1.00,0,1.00,0,1.00,1,0,2,0
304.46,0,1.00,0,1.00,0,1.00,1,0,2,0
304.86,0,1.00,0,1.00,0,1.00,1,0,2,0
305.27,0,1.00,0,1.00,0,1.00,1,0,2,0
305.68,0,1.00,0,1.00,0,1.00,1,0,2,0
306.10,0,1.00,0,1.00,0,1.00,1,0,2,0
306.53,0,1.00,0,1.00,0,1.00,1,0,2,0
306.95,0,1.00,0,1.00,0,1.00,1,0,2,0
307.37,0,1.00,0,1.00,0,1.00,1,0,2,0
307.78,0,1.00,0,1.00,0,1.00,1,0,2,0
308.19,0,1.00,0,1.00,0,1.00,1,0,2,0
308.59,0,1.00,0,1.00,0,1.00,1,0,2,0
308.99,0,1.00,0,1.00,0,1.00,1,0,2,0
309.38,0,1.00,0,1.00,0,1.00,1,0,2,0
309.77,0,1.00,0,1.00,0,1.00,1,0,2,0
310.16,0,1.00,0,1.00,0,1.00,1,0,2,0
310.55,0,1.00,0,1.00,0,1.00,1,0,2,0
310.95,0,1.00,0,1.00,0,1.00,1,0,2,0
311.36,0,1.00,0,1.00,0,1.00,1,0,2,0
311.78,0,1.00,0,1.00,0,1.00,1,0,2,0
312.20,0,1.00,0,1.00,0,1.00,1,0,2,0
312.62,0,1.00,0,1.00,0,1.00,1,0,2,0
313.05,0,1.00,0,1.00,0,1.00,1,0,2,0
313.47,0,1.00,0,1.00,0,1.00,1,0,2,0
313.88,0,1.00,0,1.00,0,1.00,1,0,2,0
314.29,0,1.00,0,1.00,0,1.00,1,0,2,0
314.69,0,1.00,0,1.00,0,1.00,1,0,2,0
315.09,0,1.00,0,1.00,0,1.00,1,0,2,0
315.49,0,1.00,0,1.00,0,1.00,1,0,2,0
315.89,0,1.00,0,1.00,0,1.00,1,0,2,0
316.30,0,1.00,0,1.00,0,1.00,1,0,2,0
316.71,0,1.00,0,1.00,0,1.00,1,0,2,0
317.12,0,1.00,0,1.00,0,1.00,1,0,2,0
317.54,0,1.00,0,1.00,0,1.00,1,0,2,0
317.96,0,1.00,0,1.00,0,1.00,1,0,2,0
318.38,0,1.00,0,1.00,0,1.00,1,0,2,0
318.78,0,1.00,0,1.00,0,1.00,1,0,2,0
319.19,0,1.00,0,1.00,0,1.00,1,0,2,0
319.59,0,1.00,0,1.00,0,1.00,1,0,2,0
319.99,0,1.00,0,1.00,0,1.00,1,0,2,0
320.39,0,1.00,0,1.00,0,1.00,1,0,2,0
320.80,0,1.00,0,1.00,0,1.00,1,0,2,0
321.21,0,1.00,0,1.00,0,1.00,1,0,2,0
321.63,0,1.00,0,1.00,0,1.00,1,0,2,0
322.05,0,1.00,0,1.00,0,1.00,1,0,2,0
322.46,0,1.00,0,1.00,0,1.00,1,0,2,0
322.88,0,1.00,0,1.00,0,1.00,1,1,2,0
323.28,0,1.00,0,1.00,0,1.00,1,1,2,0
323.69,0,1.00,0,1.00,0,1.00,1,1,2,0
324.09,0,1.00,0,1.00,0,1.00,1,1,2,0
324.49,0,1.00,0,1.00,0,1.00,1,1,2,0
324.90,0,1.00,0,1.00,0,1.00,1,1,2,0
325.31,0,1.00,0,1.00,0,1.00,1,1,2,0
325.72,0,1.00,0,1.00,0,1.00,1,1,2,0
326.14,0,1.00,0,1.00,0,1.00,1,1,2,0
326.56,0,1.00,0,1.00,0,1.00,1,1,2,0
326.97,0,1.00,0,1.00,0,1.00,1,1,2,0
327.39,0,1.00,0,1.00,0,1.00,1,1,2,0
327.79,0,1.00,0,1.00,0,1.00,1,1,2,0
328.59,0,1.00,0,1.00,0,1.00,1,1,2,0
328.99,0,1.00,0,1.00,0,1.00,1,1,2,0
329.40,0,1.00,0,1.00,0,1.00,1,1,2,0
329.81,0,1.00,0,1.00,0,1.00,1,1,2,0
330.22,0,1.00,0,1.00,0,1.00,1,1,2,0
330.64,0,1.00,0,1.00,0,1.00,1,1,2,0
331.06,0,1.00,0,1.00,0,1.00,1,1,2,0
331.47,0,1.00,0,1.00,0,1.00,1,1,2,0
331.88,0,1.00,0,1.00,0,1.00,1,1,2,0
332.29,0,1.00,0,1.00,0,1.00,1,1,2,0
332.69,0,1.00,0,1.00,0,1.00,1,1,2,0
333.48,0,1.00,0,1.00,0,1.00,1,1,2,0
333.89,0,1.00,0,1.00,0,1.00,1,1,2,0
334.29,0,1.00,0,1.00,0,1.00,1,1,2,0
334.70,0,1.00,0,1.00,0,1.00,1,1,2,0
335.12,0,1.00,0,1.00,0,1.00,1,1,2,0
335.54,0,1.00,0,1.00,0,1.00,1,1,2,0
335.95,0,1.00,0,1.00,0,1.00,1,1,2,0
336.37,0,1.00,0,1.00,0,1.00,1,1,2,0
336.77,0,1.00,0,1.00,0,1.00,1,1,2,0
337.17,0,1.00,0,1.00,0,1.00,1,1,2,0
337.57,0,1.00,0,1.00,0,1.00,1,1,2,0
337.97,0,1.00,0,1.00,0,1.00,1,1,2,0
338.37,0,1.00,0,1.00,0,1.00,1,1,2,0
338.78,0,1.00,0,1.00,0,1.00,1,1,2,0
339.19,0,1.00,0,1.00,0,1.00,1,1,2,0
339.60,0,1.00,0,1.00,0,1.00,1,1,2,0
340.02,0,1.00,0,1.00,0,1.00,1,1,2,0
340.44,0,1.00,0,1.00,0,1.00,1,1,2,0
340.86,0,1.00,0,1.00,0,1.00,1,1,2,0
341.26,0,1.00,0,1.00,0,1.00,1,1,2,0
341.67,0,1.00,0,1.00,0,1.00,1,1,2,0
342.07,0,1.00,0,1.00,0,1.00,1,1,2,0
342.47,0,1.00,0,1.00,0,1.00,1,1,2,0
342.87,0,1.00,0,1.00,0,1.00,1,1,2,0
343.28,0,1.00,0,1.00,0,1.00,1,1,2,0
343.69,0,1.00,0,1.00,0,1.00,1,1,2,0
344.10,0,1.00,0,1.00,0,1.00,1,1,2,0
344.52,0,1.00,0,1.00,0,1.00,1,1,2,0
344.94,0,1.00,0,1.00,0,1.00,1,1,2,0
345.36,0,1.00,0,1.00,0,1.00,1,1,2,0
345.77,0,1.00,0,1.00,0,1.00,1,1,2,0
346.18,0,1.00,0,1.00,0,1.00,1,1,2,0
346.58,0,1.00,0,1.00,0,1.00,1,1,2,0
346.98,0,1.00,0,1.00,0,1.00,1,1,2,0
347.38,0,1.00,0,1.00,0,1.00,1,1,2,0
347.79,0,1.00,0,1.00,0,1.00,1,1,2,0
348.20,0,1.00,0,1.00,0,1.00,1,1,2,0
348.62,0,1.00,0,1.00,0,1.00,1,1,2,0
349.04,0,1.00,0,1.00,0,1.00,1,1,2,0
349.46,0,1.00,0,1.00,0,1.00,1,1,2,0
349.87,0,1.00,0,1.00,0,1.00,1,1,2,0
350.29,0,1.00,0,1.00,0,1.00,1,1,2,0
350.69,0,1.00,0,1.00,0,1.00,1,1,2,0
351.10,0,1.00,0,1.00,0,1.00,1,1,2,0
351.50,0,1.00,0,1.00,0,1.00,1,1,2,0
351.90,0,1.00,0,1.00,0,1.00,1,1,2,0
352.30,0,1.00,0,1.00,0,1.00,1,1,2,0
352.70,0,1.00,0,1.00,0,1.00,1,1,2,0
353.12,0,1.00,0,1.00,0,1.00,1,1,2,0
353.53,0,1.00,0,1.00,0,1.00,1,1,2,0
354.38,0,1.00,0,1.00,0,1.00,1,1,2,0
354.80,0,1.00,0,1.00,0,1.00,1,1,2,0
355.21,0,1.00,0,1.00,0,1.00,1,1,2,0
355.62,0,1.00,0,1.00,0,1.00,1,1,2,0
356.02,0,1.00,0,1.00,0,1.00,1,1,2,0
356.41,0,1.00,0,1.00,0,1.00,1,1,2,0
356.81,0,1.00,0,1.00,0,1.00,1,1,2,0
357.20,0,1.00,0,1.00,0,1.00,1,1,2,0
357.60,0,1.00,0,1.00,0,1.00,1,1,2,0
358.01,0,1.00,0,1.00,0,1.00,1,1,2,0
358.42,0,1.00,0,1.00,0,1.00,1,1,2,0
358.84,0,1.00,0,1.00,0,1.00,1,1,2,0
359.26,0,1.00,0,1.00,0,1.00,1,1,2,0
359.68,0,1.00,0,1.00,0,1.00,1,1,2,0
360.10,0,1.00,0,1.00,0,1.00,1,1,2,0
360.51,0,1.00,0,1.00,0,1.00,1,1,2,0
360.92,0,1.00,0,1.00,0,1.00,1,1,2,0
361.32,0,1.00,0,1.00,0,1.00,1,1,2,0
362.12,0,1.00,0,1.00,0,1.00,1,1,2,0
362.52,0,1.00,0,1.00,0,1.00,1,1,2,0
362.93,0,1.00,0,1.00,0,1.00,1,1,2,0
363.34,0,1.00,0,1.00,0,1.00,1,1,2,0
363.76,0,1.00,0,1.00,0,1.00,1,1,2,0
364.18,0,1.00,0,1.00,0,1.00,1,1,2,0
364.60,0,1.00,0,1.00,0,1.00,1,1,2,0
365.01,0,1.00,0,1.00,0,1.00,1,1,2,0
365.41,0,1.00,0,1.00,0,1.00,1,1,2,0
365.81,0,1.00,0,1.00,0,1.00,1,1,2,0
366.21,0,1.00,0,1.00,0,1.00,1,1,2,0
366.61,0,1.00,0,1.00,0,1.00,1,1,2,0
367.01,0,1.00,0,1.00,0,1.00,1,1,2,0
367.41,0,1.00,0,1.00,0,1.00,1,1,2,0
367.81,0,1.00,0,1.00,0,1.00,1,1,2,0
368.22,0,1.00,0,1.00,0,1.00,1,1,2,0
368.64,0,1.00,0,1.00,0,1.00,1,1,2,0
369.06,0,1.00,0,1.00,0,1.00,1,1,2,0
369.48,0,1.00,0,1.00,0,1.00,1,1,2,0
369.90,0,1.00,0,1.00,0,1.00,1,1,2,0
370.31,0,1.00,0,1.00,0,1.00,1,1,2,0
370.71,0,1.00,0,1.00,0,1.00,1,1,2,0
371.11,0,1.00,0,1.00,0,1.00,1,1,2,0
371.50,0,1.00,0,1.00,0,1.00,1,1,2,0
372.30,0,1.00,0,1.00,0,1.00,1,1,2,0
372.70,0,1.00,0,1.00,0,1.00,1,1,2,0
373.11,0,1.00,0,1.00,0,1.00,1,1,2,0
373.53,0,1.00,0,1.00,0,1.00,1,1,2,0
373.95,0,1.00,0,1.00,0,1.00,1,1,2,0
374.38,0,1.00,0,1.00,0,1.00,1,1,2,0
374.80,0,1.00,0,1.00,0,1.00,1,1,2,0
375.62,0,1.00,0,1.00,0,1.00,1,1,2,0
376.03,0,1.00,0,1.00,0,1.00,1,1,2,0
376.43,0,1.00,0,1.00,0,1.00,1,1,2,0
376.82,0,1.00,0,1.00,0,1.00,1,1,2,0
377.22,0,1.00,0,1.00,0,1.00,1,1,2,0
377.61,0,1.00,0,1.00,0,1.00,1,1,2,0
378.01,0,1.00,0,1.00,0,1.00,1,1,2,0
378.42,0,1.00,0,1.00,0,1.00,1,1,2,0
378.83,0,1.00,0,1.00,0,1.00,1,1,2,0
379.25,0,1.00,0,1.00,0,1.00,1,1,2,0
379.67,0,1.00,0,1.00,0,1.00,1,1,2,0
380.09,0,1.00,0,1.00,0,1.00,1,1,2,0
380.51,0,1.00,0,1.00,0,1.00,1,1,2,0
380.92,0,1.00,0,1.00,0,1.00,1,1,2,0
381.33,0,1.00,0,1.00,0,1.00,1,1,2,0
381.73,0,1.00,0,1.00,0,1.00,1,1,2,0
382.13,0,1.00,0,1.00,0,1.00,1,1,2,0
382.53,0,1.00,0,1.00,0,1.00,1,1,2,0
382.93,0,1.00,0,1.00,0,1.00,1,1,2,0
383.34,0,1.00,0,1.00,0,1.00,1,1,2,0
383.75,0,1.00,0,1.00,0,1.00,1,1,2,0
384.17,0,1.00,0,1.00,0,1.00,1,1,2,0
384.59,0,1.00,0,1.00,0,1.00,1,1,2,0
385.01,0,1.00,0,1.00,0,1.00,1,1,2,0
385.43,0,1.00,0,1.00,0,1.00,1,1,2,0
385.84,0,1.00,0,1.00,0,1.00,1,1,2,0
386.64,0,1.00,0,1.00,0,1.00,1,1,2,0
387.03,0,1.00,0,1.00,0,1.00,1,1,2,0
387.42,0,1.00,0,1.00,0,1.00,1,1,2,0
387.81,0,1.00,0,1.00,0,1.00,1,1,2,0
388.21,0,1.00,0,1.00,0,1.00,1,1,2,0
388.61,0,1.00,0,1.00,0,1.00,1,1,2,0
389.01,0,1.00,0,1.00,0,1.00,1,1,2,0
389.42,0,1.00,0,1.00,0,1.00,1,1,2,0
389.84,0,1.00,0,1.00,0,1.00,1,1,2,0
390.27,0,1.00,0,1.00,0,1.00,1,1,2,0
390.69,0,1.00,0,1.00,0,1.00,1,1,2,0
391.12,0,1.00,0,1.00,0,1.00,1,1,2,0
391.53,0,1.00,0,1.00,0,1.00,1,1,2,0
391.94,0,1.00,0,1.00,0,1.00,1,1,2,0
392.33,0,1.00,0,1.00,0,1.00,1,1,2,0
392.72,0,1.00,0,1.00,0,1.00,1,1,2,0
393.09,0,1.00,0,1.00,0,1.00,1,1,2,0
393.45,0,1.00,0,1.00,0,1.00,1,1,2,0
393.81,0,1.00,0,1.00,0,1.00,1,1,2,0
394.15,0,1.00,0,1.00,0,1.00,1,1,2,0
394.47,0,1.00,0,1.00,0,1.00,1,1,2,0
394.76,0,1.00,0,1.00,0,1.00,1,1,2,0
395.03,0,1.00,0,1.00,0,1.00,1,1,2,0
395.27,0,1.00,0,1.00,0,1.00,1,1,2,0
395.53,0,1.00,0,1.00,0,1.00,1,1,2,0
395.56,0,1.00,0,1.00,0,1.00,1,1,2,0
395.56,0,1.00,0,1.00,0,1.00,1,1,2,0
395.56,0,1.00,0,1.00,0,1.00,1,1,2,0
395.56,0,1.00,0,1.00,0,1.00,1,1,2,0
395.56,0,1.00,0,1.00,0,1.00,1,1,2,0
395.56,0,1.00,0,1.00,0,1.00,1,1,2,0
395.56,0,1.00,0,1.00,0,1.00,1,1,2,0
395.56,0,1.00,0,1.00,0,1.00,1,1,2,0
395.56,0,1.00,0,1.00,0,1.00,1,1,2,0
395.56,0,1.00,0,1.00,0,1.00,1,1,2,0
395.56,0,1.00,0,1.00,0,1.00,1,1,2,0
395.56,0,1.00,0,1.00,0,1.00,1,1,2,0
395.56,0,1.00,0,1.00,0,1.00,1,1,2,0
395.56,0,1.00,0,1.00,0,1.00,1,1,2,0
395.56,0,1.00,0,1.00,0,1.00,1,1,2,0
395.56,0,1.00,0,1.00,0,1.00,1,1,2,0
395.56,0,1.00,0,1.00,0,1.00,1,1,2,0
395.56,0,1.00,0,1.00,0,1.00,1,1,2,0
395.56,0,1.00,0,1.00,0,1.00,1,1,2,0
395.56,0,1.00,0,1.00,0,1.00,1,1,2,0
395.56,0,1.00,0,1.00,0,1.00,1,1,2,0
395.56,0,1.00,0,1.00,0,1.00,1,1,2,0
395.56,0,1.00,0,1.00,0,1.00,1,1,2,0
395.56,0,1.00,0,1.00,0,1.00,1,1,2,0
395.56,0,1.00,0,1.00,0,1.00,1,1,2,0
395.56,0,1.00,0,1.00,0,1.00,1,1,2,0
395.56,0,1.00,0,1.00,0,1.00,1,1,2,0
395.56,0,1.00,0,1.00,0,1.00,1,1,2,0
395.56,0,1.00,0,1.00,0,1.00,1,1,2,0
395.56,0,1.00,0,1.00,0,1.00,1,1,2,0
395.56,0,1.00,0,1.00,0,1.00,1,1,2,0
395.56,0,1.00,0,1.00,0,1.00,1,1,2,0
395.56,0,1.00,0,1.00,0,1.00,1,1,2,0
395.56,0,1.00,0,1.00,0,1.00,1,1,2,0
395.56,0,1.00,0,1.00,0,1.00,1,1,2,0
395.56,0,1.00,0,1.00,0,1.00,1,1,2,0
395.56,0,1.00,0,1.00,0,1.00,1,1,2,0
395.56,0,1.00,0,1.00,0,1.00,1,1,2,0
395.56,0,1.00,0,1.00,0,1.00,1,1,2,0
395.56,0,1.00,0,1.00,0,1.00,1,1,2,0
395.56,0,1.00,0,1.00,0,1.00,1,1,2,0
395.56,0,1.00,0,1.00,0,1.00,1,1,2,0
395.56,0,1.00,0,1.00,0,1.00,1,1,2,0
395.56,0,1.00,0,1.00,0,1.00,1,1,2,0
395.56,0,1.00,0,1.00,0,1.00,1,1,2,0
395.56,0,1.00,0,1.00,0,1.00,1,1,2,0
395.56,0,1.00,0,1.00,0,1.00,1,1,2,0
395.56,0,1.00,0,1.00,0,1.00,1,1,2,0
395.56,0,1.00,0,1.00,0,1.00,1,1,2,0
395.56,0,1.00,0,1.00,0,1.00,1,1,2,0
395.56,0,1.00,0,1.00,0,1.00,1,1,2,0
395.56,0,1.00,0,1.00,0,1.00,1,1,2,0
395.56,0,1.00,0,1.00,0,1.00,1,1,2,0
395.56,0,1.00,0,1.00,0,1.00,1,1,2,0
395.56,0,1.00,0,1.00,0,1.00,1,1,2,0
395.56,0,1.00,0,1.00,0,1.00,1,1,2,0
395.56,0,1.00,0,1.00,0,1.00,1,1,2,0
395.56,0,1.00,0,1.00,0,1.00,1,1,2,0
395.56,0,1.00,0,1.00,0,1.00,1,1,2,0
395.56,0,1.00,0,1.00,0,1.00,1,1,2,0
395.56,0,1.00,0,1.00,0,1.00,1,1,2,0
395.56,0,1.00,0,1.00,0,1.00,1,1,2,0
395.57,0,1.00,0,1.00,0,1.00,1,1,2,0
395.57,0,1.00,0,1.00,0,1.00,1,1,2,0
395.58,0,1.00,0,1.00,0,1.00,1,1,2,0
395.60,0,1.00,0,1.00,0,1.00,1,1,2,0
395.63,0,1.00,0,1.00,0,1.00,1,1,2,0
395.66,0,1.00,0,1.00,0,1.00,1,1,2,0
395.70,0,1.00,0,1.00,0,1.00,1,1,2,0
395.75,0,1.00,0,1.00,0,1.00,1,1,2,0
395.80,0,1.00,0,1.00,0,1.00,1,1,2,0
395.86,0,1.00,0,1.00,0,1.00,1,1,2,0
395.93,0,1.00,0,1.00,0,1.00,1,1,2,0
396.01,0,1.00,0,1.00,0,1.00,1,1,2,0
396.10,0,1.00,0,1.00,0,1.00,1,1,2,0
396.19,0,1.00,0,1.00,0,1.00,1,1,2,0
396.30,0,1.00,0,1.00,0,1.00,1,1,2,0
396.41,0,1.00,0,1.00,0,1.00,1,1,2,0
396.65,0,1.00,0,1.00,0,1.00,1,1,2,0
396.79,0,1.00,0,1.00,0,1.00,1,1,2,0
396.94,0,1.00,0,1.00,0,1.00,1,1,2,0
397.26,0,1.00,0,1.00,0,1.00,1,1,2,0
397.63,0,1.00,0,1.00,0,1.00,1,1,2,0
397.83,0,1.00,0,1.00,0,1.00,1,1,2,0
398.05,0,1.00,0,1.00,0,1.00,1,1,2,0
398.51,0,1.00,0,1.00,0,1.00,1,1,2,0
398.76,0,1.00,0,1.00,0,1.00,1,1,2,0
399.02,0,1.00,0,1.00,0,1.00,1,1,2,0
399.28,0,1.00,0,1.00,0,1.00,1,1,2,0
399.55,0,1.00,0,1.00,0,1.00,1,1,2,0
399.81,0,1.00,0,1.00,0,1.00,1,1,2,0
400.07,0,1.00,0,1.00,0,1.00,1,1,2,0
400.33,0,1.00,0,1.00,0,1.00,1,1,2,0
400.60,0,1.00,0,1.00,0,1.00,1,1,2,0
400.86,0,1.00,0,1.00,0,1.00,1,1,2,0
401.13,0,1.00,0,1.00,0,1.00,1,1,2,0
401.43,0,1.00,0,1.00,0,1.00,1,1,2,0
401.76,0,1.00,0,1.00,0,1.00,1,1,2,0
402.11,0,1.00,0,1.00,0,1.00,1,1,2,0
402.46,0,1.00,0,1.00,0,1.00,1,1,2,0
402.82,0,1.00,0,1.00,0,1.00,1,1,2,0
403.19,0,1.00,0,1.00,0,1.00,1,1,2,0
403.58,0,1.00,0,1.00,0,1.00,1,1,2,0
403.96,0,1.00,0,1.00,0,1.00,1,1,2,0
404.36,0,1.00,0,1.00,0,1.00,1,1,2,0
404.77,0,1.00,0,1.00,0,1.00,1,1,2,0
405.19,0,1.00,0,1.00,0,1.00,1,1,2,0
405.61,0,1.00,0,1.00,0,1.00,1,1,2,0
406.04,0,1.00,0,1.00,0,1.00,1,1,2,0
406.47,0,1.00,0,1.00,0,1.00,1,1,2,0
406.89,0,1.00,0,1.00,0,1.00,1,1,2,0
407.31,0,1.00,0,1.00,0,1.00,1,1,2,0
407.71,0,1.00,0,1.00,0,1.00,1,1,2,0
408.11,0,1.00,0,1.00,0,1.00,1,1,2,0
408.51,0,1.00,0,1.00,0,1.00,1,1,2,0
408.90,0,1.00,0,1.00,0,1.00,1,1,2,0
409.28,0,1.00,0,1.00,0,1.00,1,1,2,0
409.67,0,1.00,0,1.00,0,1.00,1,1,2,0
410.07,0,1.00,0,1.00,0,1.00,1,1,2,0
410.47,0,1.00,0,1.00,0,1.00,1,1,2,0
410.87,0,1.00,0,1.00,0,1.00,1,1,2,0
411.29,0,1.00,0,1.00,0,1.00,1,1,2,0
411.70,0,1.00,0,1.00,0,1.00,1,1,2,0
412.13,0,1.00,0,1.00,0,1.00,1,1,2,0
412.56,0,1.00,0,1.00,0,1.00,1,1,2,0
412.98,0,1.00,0,1.00,0,1.00,1,1,2,0
413.40,0,1.00,0,1.00,0,1.00,1,1,2,0
413.81,0,1.00,0,1.00,0,1.00,1,1,2,0
414.21,0,1.00,0,1.00,0,1.00,1,1,2,0
414.61,0,1.00,0,1.00,0,1.00,1,1,2,0
415.00,0,1.00,0,1.00,0,1.00,1,1,2,0
415.39,0,1.00,0,1.00,0,1.00,1,1,2,0
415.79,0,1.00,0,1.00,0,1.00,1,1,2,0
416.58,0,1.00,0,1.00,0,1.00,1,1,2,0
416.99,0,1.00,0,1.00,0,1.00,1,1,2,0
417.41,0,1.00,0,1.00,0,1.00,1,1,2,0
417.83,0,1.00,0,1.00,0,1.00,1,1,2,0
418.24,0,1.00,0,1.00,0,1.00,1,1,2,0
418.66,0,1.00,0,1.00,0,1.00,1,1,2,0
419.48,0,1.00,0,1.00,0,1.00,1,1,2,0
419.88,0,1.00,0,1.00,0,1.00,1,1,2,0
420.27,0,1.00,0,1.00,0,1.00,1,1,2,0
420.66,0,1.00,0,1.00,0,1.00,1,1,2,0
421.04,0,1.00,0,1.00,0,1.00,1,1,2,0
421.43,0,1.00,0,1.00,0,1.00,1,1,2,0
421.82,0,1.00,0,1.00,0,1.00,1,1,2,0
422.21,0,1.00,0,1.00,0,1.00,1,1,2,0
422.61,0,1.00,0,1.00,0,1.00,1,1,2,0
423.01,0,1.00,0,1.00,0,1.00,1,1,2,0
423.42,0,1.00,0,1.00,0,1.00,1,1,2,0
423.84,0,1.00,0,1.00,0,1.00,1,1,2,0
424.26,0,1.00,0,1.00,0,1.00,1,1,2,0
424.69,0,1.00,0,1.00,0,1.00,1,1,2,0
425.12,0,1.00,0,1.00,0,1.00,1,1,2,0
425.54,0,1.00,0,1.00,0,1.00,1,1,2,0
425.95,0,1.00,0,1.00,0,1.00,1,1,2,0
426.35,0,1.00,0,1.00,0,1.00,1,1,2,0
